game_number	agent_type	agent_color	agent_depth	agent_num_moves	agent_decision_time	game_result
0	greedy	white	1	39	0.364809	1
0	greedy_trans	black	1	39	0.241795	-1
1	greedy	white	1	40	0.265253	0
1	greedy_trans	black	1	40	0.166797	0
2	greedy	white	1	43	0.2359800000000001	0
2	greedy_trans	black	1	43	0.33508499999999997	0
3	greedy	white	1	53	0.41134500000000007	0
3	greedy_trans	black	1	53	0.22004100000000004	0
4	greedy	white	1	45	0.31284999999999996	1
4	greedy_trans	black	1	45	0.24448799999999993	-1
5	greedy	white	1	110	0.5620779999999997	1
5	greedy_trans	black	1	110	0.40726300000000015	-1
6	greedy	white	1	60	0.2615699999999999	0
6	greedy_trans	black	1	60	0.35755899999999985	0
7	greedy	white	1	77	0.3750739999999999	0
7	greedy_trans	black	1	77	0.414986	0
8	greedy	white	1	116	0.4985940000000002	0
8	greedy_trans	black	1	116	0.4236490000000001	0
9	greedy	white	1	56	0.25711999999999996	0
9	greedy_trans	black	1	56	0.301266	0
10	greedy	white	1	69	0.35661800000000005	1
10	greedy_trans	black	1	69	0.276685	-1
11	greedy	white	1	9	0.092236	-1
11	greedy_trans	black	1	9	0.075461	1
12	greedy	white	1	27	0.15827500000000003	0
12	greedy_trans	black	1	27	0.14125900000000002	0
13	greedy	white	1	78	0.36054800000000004	0
13	greedy_trans	black	1	78	0.3011730000000001	0
14	greedy	white	1	67	0.292373	0
14	greedy_trans	black	1	67	0.27932100000000004	0
15	greedy	white	1	55	0.29431599999999997	0
15	greedy_trans	black	1	55	0.22458999999999998	0
16	greedy	white	1	33	0.308705	0
16	greedy_trans	black	1	33	0.22921700000000003	0
17	greedy	white	1	33	0.321365	0
17	greedy_trans	black	1	33	0.21789300000000006	0
18	greedy	white	1	45	0.369268	1
18	greedy_trans	black	1	45	0.23414900000000008	-1
19	greedy	white	1	32	0.317401	1
19	greedy_trans	black	1	32	0.19481500000000002	-1
20	greedy	white	1	78	0.39405699999999994	0
20	greedy_trans	black	1	78	0.396925	0
21	greedy	white	1	69	0.336739	0
21	greedy_trans	black	1	69	0.3886759999999999	0
22	greedy	white	1	43	0.23985100000000004	0
22	greedy_trans	black	1	43	0.281365	0
23	greedy	white	1	64	0.341976	0
23	greedy_trans	black	1	64	0.3513290000000001	0
24	greedy	white	1	26	0.086749	0
24	greedy_trans	black	1	26	0.21288099999999996	0
25	greedy	white	1	107	0.4864409999999998	0
25	greedy_trans	black	1	107	0.5075799999999998	0
26	greedy	white	1	79	0.450062	1
26	greedy_trans	black	1	79	0.32521300000000003	-1
27	greedy	white	1	63	0.3446959999999999	-1
27	greedy_trans	black	1	63	0.40356599999999987	1
28	greedy	white	1	25	0.20843199999999995	-1
28	greedy_trans	black	1	25	0.195812	1
29	greedy	white	1	28	0.292541	0
29	greedy_trans	black	1	28	0.15246899999999997	0
30	greedy	white	1	69	0.38169399999999987	1
30	greedy_trans	black	1	69	0.4487759999999998	-1
31	greedy	white	1	42	0.21814400000000006	0
31	greedy_trans	black	1	42	0.331401	0
32	greedy	white	1	68	0.30660600000000005	1
32	greedy_trans	black	1	68	0.3067740000000001	-1
33	greedy	white	1	11	0.087525	-1
33	greedy_trans	black	1	11	0.12645800000000001	1
34	greedy	white	1	92	0.37854199999999993	0
34	greedy_trans	black	1	92	0.36401100000000014	0
35	greedy	white	1	63	0.276428	0
35	greedy_trans	black	1	63	0.32730299999999996	0
36	greedy	white	1	86	0.40091300000000013	0
36	greedy_trans	black	1	86	0.29229000000000005	0
37	greedy	white	1	57	0.30293	0
37	greedy_trans	black	1	57	0.331958	0
38	greedy	white	1	58	0.29541199999999995	1
38	greedy_trans	black	1	58	0.4137769999999999	-1
39	greedy	white	1	90	0.36223399999999994	0
39	greedy_trans	black	1	90	0.38122100000000014	0
40	greedy	white	1	27	0.23088	1
40	greedy_trans	black	1	27	0.17678299999999997	-1
41	greedy	white	1	74	0.45660900000000004	0
41	greedy_trans	black	1	74	0.38216299999999986	0
42	greedy	white	1	44	0.24634599999999995	1
42	greedy_trans	black	1	44	0.33054400000000006	-1
43	greedy	white	1	32	0.21892300000000003	1
43	greedy_trans	black	1	32	0.18246699999999996	-1
44	greedy	white	1	42	0.405965	0
44	greedy_trans	black	1	42	0.16316800000000006	0
45	greedy	white	1	34	0.24979600000000002	-1
45	greedy_trans	black	1	34	0.2749770000000001	1
46	greedy	white	1	26	0.190233	-1
46	greedy_trans	black	1	26	0.24399099999999999	1
47	greedy	white	1	81	0.28453799999999996	0
47	greedy_trans	black	1	81	0.4370990000000001	0
48	greedy	white	1	53	0.2477019999999999	0
48	greedy_trans	black	1	53	0.3944950000000001	0
49	greedy	white	1	113	0.41605800000000015	0
49	greedy_trans	black	1	113	0.4328809999999999	0
50	greedy	white	1	19	0.16614799999999993	1
50	greedy_trans	black	1	19	0.114057	-1
51	greedy	white	1	41	0.14685899999999996	-1
51	greedy_trans	black	1	41	0.387368	1
52	greedy	white	1	61	0.5589120000000001	1
52	greedy_trans	black	1	61	0.34638800000000014	-1
53	greedy	white	1	20	0.19408199999999998	-1
53	greedy_trans	black	1	20	0.217912	1
54	greedy	white	1	110	0.6679519999999998	0
54	greedy_trans	black	1	110	0.38519399999999976	0
55	greedy	white	1	73	0.41212500000000013	0
55	greedy_trans	black	1	73	0.377727	0
56	greedy	white	1	60	0.36688099999999996	1
56	greedy_trans	black	1	60	0.34337000000000006	-1
57	greedy	white	1	19	0.16340000000000005	-1
57	greedy_trans	black	1	19	0.17334999999999998	1
58	greedy	white	1	54	0.4207439999999999	0
58	greedy_trans	black	1	54	0.28923100000000007	0
59	greedy	white	1	53	0.4238559999999999	1
59	greedy_trans	black	1	53	0.28862200000000005	-1
60	greedy	white	1	22	0.12501299999999999	-1
60	greedy_trans	black	1	22	0.20418799999999998	1
61	greedy	white	1	37	0.15708299999999997	-1
61	greedy_trans	black	1	37	0.28461600000000004	1
62	greedy	white	1	40	0.274037	-1
62	greedy_trans	black	1	40	0.3345310000000001	1
63	greedy	white	1	61	0.292512	0
63	greedy_trans	black	1	61	0.40190500000000007	0
64	greedy	white	1	16	0.10511599999999999	-1
64	greedy_trans	black	1	16	0.11414099999999999	1
65	greedy	white	1	58	0.30050899999999997	0
65	greedy_trans	black	1	58	0.3107750000000001	0
66	greedy	white	1	49	0.266191	0
66	greedy_trans	black	1	49	0.337101	0
67	greedy	white	1	13	0.10781099999999999	-1
67	greedy_trans	black	1	13	0.070991	1
68	greedy	white	1	121	0.40464299999999986	0
68	greedy_trans	black	1	121	0.5608699999999995	0
69	greedy	white	1	61	0.4607319999999999	1
69	greedy_trans	black	1	61	0.3313440000000001	-1
70	greedy	white	1	47	0.31798199999999993	1
70	greedy_trans	black	1	47	0.31943399999999994	-1
71	greedy	white	1	53	0.32665200000000016	-1
71	greedy_trans	black	1	53	0.29522699999999996	1
72	greedy	white	1	15	0.053569000000000006	0
72	greedy_trans	black	1	15	0.07941199999999998	0
73	greedy	white	1	105	0.6556229999999996	0
73	greedy_trans	black	1	105	0.28914100000000004	0
74	greedy	white	1	69	0.28156	0
74	greedy_trans	black	1	69	0.34406399999999987	0
75	greedy	white	1	38	0.26430699999999996	1
75	greedy_trans	black	1	38	0.2782599999999999	-1
76	greedy	white	1	88	0.41453799999999996	0
76	greedy_trans	black	1	88	0.4949669999999999	0
77	greedy	white	1	62	0.3135400000000001	0
77	greedy_trans	black	1	62	0.24171099999999998	0
78	greedy	white	1	65	0.27148100000000003	0
78	greedy_trans	black	1	65	0.5326179999999999	0
79	greedy	white	1	51	0.323159	0
79	greedy_trans	black	1	51	0.43281	0
80	greedy	white	1	81	0.4214480000000001	0
80	greedy_trans	black	1	81	0.393361	0
81	greedy	white	1	65	0.4573660000000002	0
81	greedy_trans	black	1	65	0.27510200000000007	0
82	greedy	white	1	73	0.2687849999999999	0
82	greedy_trans	black	1	73	0.30963099999999993	0
83	greedy	white	1	160	0.6342760000000005	0
83	greedy_trans	black	1	160	0.6376950000000001	0
84	greedy	white	1	37	0.20926600000000004	0
84	greedy_trans	black	1	37	0.334568	0
85	greedy	white	1	102	0.38869700000000035	0
85	greedy_trans	black	1	102	0.4598889999999998	0
86	greedy	white	1	28	0.28338199999999997	0
86	greedy_trans	black	1	28	0.14855	0
87	greedy	white	1	71	0.293299	-1
87	greedy_trans	black	1	71	0.305651	1
88	greedy	white	1	87	0.45440600000000003	0
88	greedy_trans	black	1	87	0.3490589999999999	0
89	greedy	white	1	53	0.2293309999999999	0
89	greedy_trans	black	1	53	0.27474800000000005	0
90	greedy	white	1	42	0.3270109999999999	0
90	greedy_trans	black	1	42	0.22915	0
91	greedy	white	1	32	0.300488	1
91	greedy_trans	black	1	32	0.14183199999999999	-1
92	greedy	white	1	79	0.7156859999999998	0
92	greedy_trans	black	1	79	0.27740199999999987	0
93	greedy	white	1	27	0.284305	1
93	greedy_trans	black	1	27	0.17434600000000003	-1
94	greedy	white	1	45	0.27292700000000003	0
94	greedy_trans	black	1	45	0.313412	0
95	greedy	white	1	58	0.3325450000000001	0
95	greedy_trans	black	1	58	0.2978940000000001	0
96	greedy	white	1	57	0.245713	0
96	greedy_trans	black	1	57	0.2909710000000001	0
97	greedy	white	1	86	0.44232099999999996	0
97	greedy_trans	black	1	86	0.4728310000000001	0
98	greedy	white	1	51	0.32454299999999997	1
98	greedy_trans	black	1	51	0.2719829999999999	-1
99	greedy	white	1	50	0.47619599999999995	1
99	greedy_trans	black	1	50	0.20039700000000002	-1
100	greedy	white	1	19	0.17637800000000006	-1
100	greedy_trans	black	1	19	0.105513	1
101	greedy	white	1	6	0.039441	-1
101	greedy_trans	black	1	6	0.057593000000000005	1
102	greedy	white	1	45	0.25257799999999997	0
102	greedy_trans	black	1	45	0.24834299999999992	0
103	greedy	white	1	93	0.342329	0
103	greedy_trans	black	1	93	0.4440699999999999	0
104	greedy	white	1	95	0.50425	0
104	greedy_trans	black	1	95	0.35483	0
105	greedy	white	1	73	0.3812600000000001	0
105	greedy_trans	black	1	73	0.3689690000000001	0
106	greedy	white	1	54	0.28936	0
106	greedy_trans	black	1	54	0.2980849999999999	0
107	greedy	white	1	86	0.3946820000000002	0
107	greedy_trans	black	1	86	0.535791	0
108	greedy	white	1	46	0.4069680000000001	0
108	greedy_trans	black	1	46	0.24836599999999998	0
109	greedy	white	1	38	0.28262000000000004	0
109	greedy_trans	black	1	38	0.25183399999999995	0
110	greedy	white	1	42	0.212153	0
110	greedy_trans	black	1	42	0.349741	0
111	greedy	white	1	71	0.4861439999999997	0
111	greedy_trans	black	1	71	0.5050109999999999	0
112	greedy	white	1	74	0.44106700000000004	1
112	greedy_trans	black	1	74	0.3203010000000001	-1
113	greedy	white	1	40	0.33240799999999976	0
113	greedy_trans	black	1	40	0.19640699999999991	0
114	greedy	white	1	88	0.3571109999999999	0
114	greedy_trans	black	1	88	0.36477099999999996	0
115	greedy	white	1	77	0.42101300000000014	1
115	greedy_trans	black	1	77	0.2546070000000001	-1
116	greedy	white	1	42	0.371639	0
116	greedy_trans	black	1	42	0.190493	0
117	greedy	white	1	67	0.2969820000000001	0
117	greedy_trans	black	1	67	0.38555799999999996	0
118	greedy	white	1	71	0.7946630000000001	0
118	greedy_trans	black	1	71	0.20996800000000004	0
119	greedy	white	1	118	0.4536510000000002	0
119	greedy_trans	black	1	118	0.42495599999999994	0
120	greedy	white	1	60	0.33230099999999996	0
120	greedy_trans	black	1	60	0.30780299999999994	0
121	greedy	white	1	69	0.4174729999999999	-1
121	greedy_trans	black	1	69	0.37942600000000004	1
122	greedy	white	1	90	0.260614	0
122	greedy_trans	black	1	90	0.34223699999999996	0
123	greedy	white	1	55	0.37846099999999994	0
123	greedy_trans	black	1	55	0.19783099999999998	0
124	greedy	white	1	57	0.2481490000000001	0
124	greedy_trans	black	1	57	0.3884760000000001	0
125	greedy	white	1	92	0.610675	1
125	greedy_trans	black	1	92	0.36825299999999983	-1
126	greedy	white	1	95	0.37240899999999977	0
126	greedy_trans	black	1	95	0.34504500000000005	0
127	greedy	white	1	52	0.21893500000000005	-1
127	greedy_trans	black	1	52	0.36453700000000006	1
128	greedy	white	1	55	0.291614	0
128	greedy_trans	black	1	55	0.302611	0
129	greedy	white	1	103	0.41984900000000014	0
129	greedy_trans	black	1	103	0.39700500000000005	0
130	greedy	white	1	35	0.308399	0
130	greedy_trans	black	1	35	0.17501600000000003	0
131	greedy	white	1	47	0.267391	0
131	greedy_trans	black	1	47	0.40366700000000005	0
132	greedy	white	1	66	0.24337200000000012	0
132	greedy_trans	black	1	66	0.43345999999999996	0
133	greedy	white	1	104	0.3258049999999999	0
133	greedy_trans	black	1	104	0.5053469999999999	0
134	greedy	white	1	66	0.332356	0
134	greedy_trans	black	1	66	0.36359699999999995	0
135	greedy	white	1	50	0.39640600000000004	0
135	greedy_trans	black	1	50	0.23892400000000003	0
136	greedy	white	1	62	0.34880800000000006	0
136	greedy_trans	black	1	62	0.265871	0
137	greedy	white	1	50	0.2718110000000001	0
137	greedy_trans	black	1	50	0.24114499999999997	0
138	greedy	white	1	40	0.3245159999999999	0
138	greedy_trans	black	1	40	0.26275200000000004	0
139	greedy	white	1	93	0.5468659999999997	1
139	greedy_trans	black	1	93	0.3116270000000001	-1
140	greedy	white	1	52	0.33213900000000013	1
140	greedy_trans	black	1	52	0.21610699999999997	-1
141	greedy	white	1	51	0.31350999999999996	-1
141	greedy_trans	black	1	51	0.35534800000000016	1
142	greedy	white	1	67	0.3442030000000002	0
142	greedy_trans	black	1	67	0.3086019999999998	0
143	greedy	white	1	61	0.5307870000000001	0
143	greedy_trans	black	1	61	0.17301299999999994	0
144	greedy	white	1	57	0.207854	0
144	greedy_trans	black	1	57	0.3670010000000002	0
145	greedy	white	1	104	0.3491069999999999	-1
145	greedy_trans	black	1	104	0.5076	1
146	greedy	white	1	38	0.199035	-1
146	greedy_trans	black	1	38	0.4076789999999999	1
147	greedy	white	1	177	0.6514099999999998	0
147	greedy_trans	black	1	177	0.6392300000000004	0
148	greedy	white	1	48	0.29024200000000006	-1
148	greedy_trans	black	1	48	0.2011710000000001	1
149	greedy	white	1	45	0.24558299999999997	0
149	greedy_trans	black	1	45	0.23551599999999998	0
150	greedy	white	1	47	0.2627799999999999	-1
150	greedy_trans	black	1	47	0.3387609999999999	1
151	greedy	white	1	120	0.8760270000000004	0
151	greedy_trans	black	1	120	0.36673400000000006	0
152	greedy	white	1	65	0.35293099999999994	0
152	greedy_trans	black	1	65	0.28334299999999996	0
153	greedy	white	1	24	0.147952	0
153	greedy_trans	black	1	24	0.23643399999999998	0
154	greedy	white	1	60	0.33224499999999985	0
154	greedy_trans	black	1	60	0.31108899999999984	0
155	greedy	white	1	26	0.183121	0
155	greedy_trans	black	1	26	0.1491879999999999	0
156	greedy	white	1	49	0.36748699999999995	0
156	greedy_trans	black	1	49	0.273376	0
157	greedy	white	1	55	0.4086399999999999	1
157	greedy_trans	black	1	55	0.290772	-1
158	greedy	white	1	53	0.21935	0
158	greedy_trans	black	1	53	0.34437699999999993	0
159	greedy	white	1	42	0.27748599999999995	0
159	greedy_trans	black	1	42	0.14223300000000003	0
160	greedy	white	1	112	0.510632	0
160	greedy_trans	black	1	112	0.402634	0
161	greedy	white	1	25	0.129018	0
161	greedy_trans	black	1	25	0.21101499999999998	0
162	greedy	white	1	32	0.27818800000000005	0
162	greedy_trans	black	1	32	0.10975300000000002	0
163	greedy	white	1	10	0.066631	-1
163	greedy_trans	black	1	10	0.105006	1
164	greedy	white	1	92	0.393955	0
164	greedy_trans	black	1	92	0.40664200000000006	0
165	greedy	white	1	50	0.200653	0
165	greedy_trans	black	1	50	0.326363	0
166	greedy	white	1	37	0.29773999999999995	0
166	greedy_trans	black	1	37	0.25849600000000006	0
167	greedy	white	1	57	0.32924500000000007	1
167	greedy_trans	black	1	57	0.301839	-1
168	greedy	white	1	61	0.3798729999999999	1
168	greedy_trans	black	1	61	0.30368999999999996	-1
169	greedy	white	1	57	0.4079139999999999	0
169	greedy_trans	black	1	57	0.33502299999999996	0
170	greedy	white	1	41	0.33923200000000003	0
170	greedy_trans	black	1	41	0.1967960000000001	0
171	greedy	white	1	41	0.219464	-1
171	greedy_trans	black	1	41	0.3018009999999999	1
172	greedy	white	1	57	0.301122	0
172	greedy_trans	black	1	57	0.34516300000000016	0
173	greedy	white	1	128	0.6286029999999997	1
173	greedy_trans	black	1	128	0.38563300000000017	-1
174	greedy	white	1	36	0.225179	0
174	greedy_trans	black	1	36	0.25021299999999996	0
175	greedy	white	1	57	0.31351799999999996	0
175	greedy_trans	black	1	57	0.2336039999999999	0
176	greedy	white	1	61	0.37736100000000006	1
176	greedy_trans	black	1	61	0.29780999999999985	-1
177	greedy	white	1	48	0.22381600000000007	0
177	greedy_trans	black	1	48	0.32437200000000005	0
178	greedy	white	1	49	0.21246799999999993	0
178	greedy_trans	black	1	49	0.487623	0
179	greedy	white	1	63	0.43982999999999994	1
179	greedy_trans	black	1	63	0.3650619999999999	-1
180	greedy	white	1	63	0.3773400000000002	0
180	greedy_trans	black	1	63	0.257108	0
181	greedy	white	1	73	0.313205	1
181	greedy_trans	black	1	73	0.3533329999999999	-1
182	greedy	white	1	38	0.24751800000000002	1
182	greedy_trans	black	1	38	0.18592600000000004	-1
183	greedy	white	1	62	0.385371	0
183	greedy_trans	black	1	62	0.241116	0
184	greedy	white	1	87	0.3650740000000002	1
184	greedy_trans	black	1	87	0.31049600000000005	-1
185	greedy	white	1	42	0.20010699999999998	0
185	greedy_trans	black	1	42	0.3070399999999999	0
186	greedy	white	1	140	0.46684199999999987	0
186	greedy_trans	black	1	140	0.6244849999999998	0
187	greedy	white	1	41	0.19695000000000001	0
187	greedy_trans	black	1	41	0.31039300000000003	0
188	greedy	white	1	61	0.4565529999999999	-1
188	greedy_trans	black	1	61	0.5134669999999999	1
189	greedy	white	1	35	0.19865500000000003	0
189	greedy_trans	black	1	35	0.23525500000000008	0
190	greedy	white	1	37	0.364928	1
190	greedy_trans	black	1	37	0.19988599999999995	-1
191	greedy	white	1	47	0.384884	0
191	greedy_trans	black	1	47	0.2456319999999999	0
192	greedy	white	1	5	0.042866999999999995	-1
192	greedy_trans	black	1	5	0.026441999999999997	1
193	greedy	white	1	60	0.31624899999999995	0
193	greedy_trans	black	1	60	0.29838999999999993	0
194	greedy	white	1	32	0.22484099999999999	-1
194	greedy_trans	black	1	32	0.257619	1
195	greedy	white	1	83	0.4545740000000002	0
195	greedy_trans	black	1	83	0.3046820000000001	0
196	greedy	white	1	56	0.44864699999999996	1
196	greedy_trans	black	1	56	0.23622700000000005	-1
197	greedy	white	1	41	0.36097900000000005	1
197	greedy_trans	black	1	41	0.165004	-1
198	greedy	white	1	116	0.48053899999999994	-1
198	greedy_trans	black	1	116	0.514151	1
199	greedy	white	1	48	0.21336000000000002	0
199	greedy_trans	black	1	48	0.350447	0
200	greedy	white	1	51	0.26781599999999994	0
200	greedy_trans	black	1	51	0.3641400000000001	0
201	greedy	white	1	12	0.109213	1
201	greedy_trans	black	1	12	0.078421	-1
202	greedy	white	1	63	0.35413500000000014	0
202	greedy_trans	black	1	63	0.27587899999999993	0
203	greedy	white	1	90	0.27775800000000006	-1
203	greedy_trans	black	1	90	0.5691370000000004	1
204	greedy	white	1	29	0.24071199999999998	1
204	greedy_trans	black	1	29	0.11803800000000002	-1
205	greedy	white	1	46	0.29451900000000003	0
205	greedy_trans	black	1	46	0.274544	0
206	greedy	white	1	105	0.3789340000000003	0
206	greedy_trans	black	1	105	0.3209029999999998	0
207	greedy	white	1	25	0.149373	-1
207	greedy_trans	black	1	25	0.24627799999999997	1
208	greedy	white	1	61	0.28952700000000003	0
208	greedy_trans	black	1	61	0.5539249999999999	0
209	greedy	white	1	63	0.317444	-1
209	greedy_trans	black	1	63	0.358668	1
210	greedy	white	1	58	0.28499700000000006	0
210	greedy_trans	black	1	58	0.20586999999999994	0
211	greedy	white	1	74	0.37513899999999994	0
211	greedy_trans	black	1	74	0.3074460000000001	0
212	greedy	white	1	18	0.16683699999999999	0
212	greedy_trans	black	1	18	0.08500700000000001	0
213	greedy	white	1	50	0.29351600000000005	0
213	greedy_trans	black	1	50	0.405991	0
214	greedy	white	1	98	0.44482799999999995	1
214	greedy_trans	black	1	98	0.38671599999999995	-1
215	greedy	white	1	58	0.29434199999999994	0
215	greedy_trans	black	1	58	0.271872	0
216	greedy	white	1	34	0.2753879999999999	0
216	greedy_trans	black	1	34	0.18808099999999994	0
217	greedy	white	1	47	0.3552010000000001	0
217	greedy_trans	black	1	47	0.11185599999999997	0
218	greedy	white	1	51	0.450793	0
218	greedy_trans	black	1	51	0.2986279999999999	0
219	greedy	white	1	17	0.07762	0
219	greedy_trans	black	1	17	0.11427899999999999	0
220	greedy	white	1	125	0.49083400000000027	0
220	greedy_trans	black	1	125	0.6308830000000002	0
221	greedy	white	1	86	0.4992459999999999	0
221	greedy_trans	black	1	86	0.4059529999999999	0
222	greedy	white	1	29	0.274292	1
222	greedy_trans	black	1	29	0.172946	-1
223	greedy	white	1	38	0.23070699999999997	1
223	greedy_trans	black	1	38	0.241365	-1
224	greedy	white	1	45	0.41882299999999995	0
224	greedy_trans	black	1	45	0.17789099999999994	0
225	greedy	white	1	35	0.3171	0
225	greedy_trans	black	1	35	0.11194000000000001	0
226	greedy	white	1	41	0.31096399999999996	-1
226	greedy_trans	black	1	41	0.34954999999999997	1
227	greedy	white	1	17	0.13148200000000002	-1
227	greedy_trans	black	1	17	0.163313	1
228	greedy	white	1	45	0.3001189999999999	0
228	greedy_trans	black	1	45	0.31325	0
229	greedy	white	1	52	0.33738500000000005	0
229	greedy_trans	black	1	52	0.16572300000000004	0
230	greedy	white	1	33	0.295388	0
230	greedy_trans	black	1	33	0.09301699999999997	0
231	greedy	white	1	82	0.518049	0
231	greedy_trans	black	1	82	0.32129399999999997	0
232	greedy	white	1	77	0.46676300000000015	0
232	greedy_trans	black	1	77	0.315305	0
233	greedy	white	1	71	0.33975600000000006	0
233	greedy_trans	black	1	71	0.23398299999999997	0
234	greedy	white	1	39	0.335725	1
234	greedy_trans	black	1	39	0.174624	-1
235	greedy	white	1	79	0.350932	0
235	greedy_trans	black	1	79	0.3939929999999997	0
236	greedy	white	1	16	0.09729300000000002	-1
236	greedy_trans	black	1	16	0.156448	1
237	greedy	white	1	111	0.45407899999999984	-1
237	greedy_trans	black	1	111	0.4411549999999999	1
238	greedy	white	1	109	0.48833900000000013	0
238	greedy_trans	black	1	109	0.21275799999999997	0
239	greedy	white	1	79	0.35750600000000005	0
239	greedy_trans	black	1	79	0.4459750000000001	0
240	greedy	white	1	34	0.21688400000000002	1
240	greedy_trans	black	1	34	0.140418	-1
241	greedy	white	1	128	0.49724900000000005	0
241	greedy_trans	black	1	128	0.36539299999999997	0
242	greedy	white	1	42	0.335464	1
242	greedy_trans	black	1	42	0.3148250000000001	-1
243	greedy	white	1	84	0.34847399999999995	0
243	greedy_trans	black	1	84	0.29737300000000016	0
244	greedy	white	1	39	0.31952000000000014	0
244	greedy_trans	black	1	39	0.171834	0
245	greedy	white	1	78	0.348795	0
245	greedy_trans	black	1	78	0.37186600000000003	0
246	greedy	white	1	40	0.24045999999999992	1
246	greedy_trans	black	1	40	0.235136	-1
247	greedy	white	1	27	0.25083199999999994	0
247	greedy_trans	black	1	27	0.15146300000000004	0
248	greedy	white	1	65	0.2630299999999999	-1
248	greedy_trans	black	1	65	0.357167	1
249	greedy	white	1	52	0.28290699999999996	0
249	greedy_trans	black	1	52	0.27711800000000014	0
250	greedy	white	1	123	0.549549	0
250	greedy_trans	black	1	123	0.46561599999999986	0
251	greedy	white	1	73	0.33049299999999976	0
251	greedy_trans	black	1	73	0.3880929999999999	0
252	greedy	white	1	54	0.24913099999999996	0
252	greedy_trans	black	1	54	0.27570999999999984	0
253	greedy	white	1	66	0.5027619999999999	1
253	greedy_trans	black	1	66	0.24006699999999992	-1
254	greedy	white	1	66	0.378706	0
254	greedy_trans	black	1	66	0.30803299999999995	0
255	greedy	white	1	66	0.29641399999999996	0
255	greedy_trans	black	1	66	0.34856100000000007	0
256	greedy	white	1	41	0.276464	-1
256	greedy_trans	black	1	41	0.2527750000000001	1
257	greedy	white	1	26	0.159046	0
257	greedy_trans	black	1	26	0.147079	0
258	greedy	white	1	65	0.23217700000000002	0
258	greedy_trans	black	1	65	0.26115299999999997	0
259	greedy	white	1	75	0.325426	0
259	greedy_trans	black	1	75	0.30575800000000003	0
260	greedy	white	1	71	0.3533220000000001	-1
260	greedy_trans	black	1	71	0.389031	1
261	greedy	white	1	61	0.31767899999999993	0
261	greedy_trans	black	1	61	0.2920789999999999	0
262	greedy	white	1	50	0.31735399999999997	-1
262	greedy_trans	black	1	50	0.261071	1
263	greedy	white	1	55	0.4008749999999998	0
263	greedy_trans	black	1	55	0.39096700000000006	0
264	greedy	white	1	132	0.5476329999999999	0
264	greedy_trans	black	1	132	0.503676	0
265	greedy	white	1	31	0.181794	-1
265	greedy_trans	black	1	31	0.25162799999999996	1
266	greedy	white	1	56	0.37859200000000004	0
266	greedy_trans	black	1	56	0.22219100000000006	0
267	greedy	white	1	76	0.39092100000000024	-1
267	greedy_trans	black	1	76	0.40320999999999974	1
268	greedy	white	1	67	0.51224	0
268	greedy_trans	black	1	67	0.29468799999999995	0
269	greedy	white	1	51	0.3463120000000001	0
269	greedy_trans	black	1	51	0.31914699999999996	0
270	greedy	white	1	123	0.41646299999999986	0
270	greedy_trans	black	1	123	0.4833580000000001	0
271	greedy	white	1	50	0.283981	0
271	greedy_trans	black	1	50	0.41922500000000007	0
272	greedy	white	1	91	0.5192000000000003	0
272	greedy_trans	black	1	91	0.4584019999999999	0
273	greedy	white	1	106	0.36184199999999994	0
273	greedy_trans	black	1	106	0.3440920000000002	0
274	greedy	white	1	58	0.261116	0
274	greedy_trans	black	1	58	0.20042300000000002	0
275	greedy	white	1	30	0.14967000000000003	0
275	greedy_trans	black	1	30	0.222173	0
276	greedy	white	1	46	0.257323	0
276	greedy_trans	black	1	46	0.17364299999999994	0
277	greedy	white	1	57	0.25790599999999997	0
277	greedy_trans	black	1	57	0.231356	0
278	greedy	white	1	37	0.20727400000000004	0
278	greedy_trans	black	1	37	0.262551	0
279	greedy	white	1	135	0.5757890000000003	0
279	greedy_trans	black	1	135	0.5633509999999999	0
280	greedy	white	1	36	0.236547	1
280	greedy_trans	black	1	36	0.28214799999999995	-1
281	greedy	white	1	44	0.250567	-1
281	greedy_trans	black	1	44	0.2283	1
282	greedy	white	1	33	0.20336299999999996	0
282	greedy_trans	black	1	33	0.22822599999999993	0
283	greedy	white	1	75	0.3394670000000001	0
283	greedy_trans	black	1	75	0.3868470000000001	0
284	greedy	white	1	92	0.482903	0
284	greedy_trans	black	1	92	0.30352499999999993	0
285	greedy	white	1	48	0.23497800000000002	1
285	greedy_trans	black	1	48	0.2775780000000001	-1
286	greedy	white	1	115	0.40482499999999993	0
286	greedy_trans	black	1	115	0.42304300000000017	0
287	greedy	white	1	63	0.341823	0
287	greedy_trans	black	1	63	0.3745350000000002	0
288	greedy	white	1	73	0.2958120000000001	0
288	greedy_trans	black	1	73	0.39575000000000016	0
289	greedy	white	1	25	0.228019	1
289	greedy_trans	black	1	25	0.196105	-1
290	greedy	white	1	105	0.33722300000000005	0
290	greedy_trans	black	1	105	0.542123	0
291	greedy	white	1	21	0.22767199999999999	1
291	greedy_trans	black	1	21	0.03863	-1
292	greedy	white	1	61	0.367471	0
292	greedy_trans	black	1	61	0.22001800000000005	0
293	greedy	white	1	80	0.3080339999999999	0
293	greedy_trans	black	1	80	0.2926170000000002	0
294	greedy	white	1	50	0.29298599999999997	-1
294	greedy_trans	black	1	50	0.34368199999999993	1
295	greedy	white	1	84	0.455925	0
295	greedy_trans	black	1	84	0.27348200000000017	0
296	greedy	white	1	60	0.39248599999999995	0
296	greedy_trans	black	1	60	0.25134699999999993	0
297	greedy	white	1	99	0.5153570000000003	1
297	greedy_trans	black	1	99	0.393663	-1
298	greedy	white	1	63	0.24304700000000007	0
298	greedy_trans	black	1	63	0.47620900000000005	0
299	greedy	white	1	58	0.3553770000000001	0
299	greedy_trans	black	1	58	0.34534699999999985	0
