game_number	agent_type	agent_color	agent_depth	agent_num_moves	agent_decision_time	game_result
0	greedy	white	1	33	0.26295100000000005	0
0	greedy_trans	black	1	33	0.24914100000000003	0
1	greedy	white	1	64	0.30014100000000005	0
1	greedy_trans	black	1	64	0.35680500000000004	0
2	greedy	white	1	22	0.15674400000000005	-1
2	greedy_trans	black	1	22	0.177238	1
3	greedy	white	1	67	0.30617600000000006	0
3	greedy_trans	black	1	67	0.3218540000000001	0
4	greedy	white	1	29	0.175419	-1
4	greedy_trans	black	1	29	0.27403199999999994	1
5	greedy	white	1	120	0.44715000000000005	0
5	greedy_trans	black	1	120	0.479003	0
6	greedy	white	1	80	0.33788200000000007	0
6	greedy_trans	black	1	80	0.4073529999999999	0
7	greedy	white	1	36	0.18094199999999996	-1
7	greedy_trans	black	1	36	0.44179999999999997	1
8	greedy	white	1	80	0.42619199999999974	0
8	greedy_trans	black	1	80	0.39161899999999994	0
9	greedy	white	1	81	0.4337449999999997	0
9	greedy_trans	black	1	81	0.2899030000000001	0
10	greedy	white	1	73	0.35387899999999994	0
10	greedy_trans	black	1	73	0.36282699999999984	0
11	greedy	white	1	77	0.424348	1
11	greedy_trans	black	1	77	0.33362600000000003	-1
12	greedy	white	1	49	0.25310299999999997	0
12	greedy_trans	black	1	49	0.2726	0
13	greedy	white	1	71	0.398876	1
13	greedy_trans	black	1	71	0.350229	-1
14	greedy	white	1	59	0.253453	0
14	greedy_trans	black	1	59	0.29848599999999986	0
15	greedy	white	1	89	0.42999299999999996	0
15	greedy_trans	black	1	89	0.6259569999999999	0
16	greedy	white	1	61	0.3295370000000001	0
16	greedy_trans	black	1	61	0.3478819999999999	0
17	greedy	white	1	56	0.21571000000000012	0
17	greedy_trans	black	1	56	0.31822800000000007	0
18	greedy	white	1	59	0.21515099999999998	-1
18	greedy_trans	black	1	59	0.41713300000000014	1
19	greedy	white	1	26	0.18913	1
19	greedy_trans	black	1	26	0.19482399999999997	-1
20	greedy	white	1	24	0.20962199999999998	-1
20	greedy_trans	black	1	24	0.176268	1
21	greedy	white	1	71	0.38823199999999997	0
21	greedy_trans	black	1	71	0.20676099999999997	0
22	greedy	white	1	79	0.3992619999999999	1
22	greedy_trans	black	1	79	0.3401699999999999	-1
23	greedy	white	1	54	0.21126200000000006	-1
23	greedy_trans	black	1	54	0.5362220000000001	1
24	greedy	white	1	87	0.40406899999999984	0
24	greedy_trans	black	1	87	0.4073580000000001	0
25	greedy	white	1	59	0.3453529999999999	0
25	greedy_trans	black	1	59	0.254159	0
26	greedy	white	1	8	0.055897999999999996	1
26	greedy_trans	black	1	8	0.06076600000000001	-1
27	greedy	white	1	16	0.16025999999999999	1
27	greedy_trans	black	1	16	0.10972700000000002	-1
28	greedy	white	1	37	0.257952	1
28	greedy_trans	black	1	37	0.16969799999999993	-1
29	greedy	white	1	36	0.34109499999999987	0
29	greedy_trans	black	1	36	0.12834900000000002	0
30	greedy	white	1	59	0.4106099999999999	0
30	greedy_trans	black	1	59	0.25133799999999995	0
31	greedy	white	1	41	0.198334	0
31	greedy_trans	black	1	41	0.4029849999999999	0
32	greedy	white	1	20	0.12609599999999999	-1
32	greedy_trans	black	1	20	0.22613099999999997	1
33	greedy	white	1	13	0.116253	1
33	greedy_trans	black	1	13	0.09556799999999997	-1
34	greedy	white	1	37	0.31210499999999985	0
34	greedy_trans	black	1	37	0.190844	0
35	greedy	white	1	80	0.33082400000000006	0
35	greedy_trans	black	1	80	0.28791300000000014	0
36	greedy	white	1	49	0.27680700000000014	0
36	greedy_trans	black	1	49	0.24916999999999997	0
37	greedy	white	1	59	0.34213	-1
37	greedy_trans	black	1	59	0.3222509999999999	1
38	greedy	white	1	38	0.28532399999999986	0
38	greedy_trans	black	1	38	0.24699300000000002	0
39	greedy	white	1	30	0.25046300000000005	0
39	greedy_trans	black	1	30	0.18339300000000003	0
40	greedy	white	1	72	0.33205699999999994	0
40	greedy_trans	black	1	72	0.27064099999999996	0
41	greedy	white	1	50	0.322058	0
41	greedy_trans	black	1	50	0.17292999999999997	0
42	greedy	white	1	60	0.43051400000000006	0
42	greedy_trans	black	1	60	0.2795180000000001	0
43	greedy	white	1	137	0.6793890000000002	0
43	greedy_trans	black	1	137	0.33742199999999983	0
44	greedy	white	1	82	0.37724799999999986	0
44	greedy_trans	black	1	82	0.27161300000000005	0
45	greedy	white	1	64	0.255171	-1
45	greedy_trans	black	1	64	0.43229800000000007	1
46	greedy	white	1	31	0.239641	-1
46	greedy_trans	black	1	31	0.227516	1
47	greedy	white	1	67	0.25810700000000014	0
47	greedy_trans	black	1	67	0.3378590000000001	0
48	greedy	white	1	62	0.3425929999999999	-1
48	greedy_trans	black	1	62	0.355458	1
49	greedy	white	1	79	0.48490999999999995	0
49	greedy_trans	black	1	79	0.29054600000000014	0
50	greedy	white	1	83	0.4215979999999998	0
50	greedy_trans	black	1	83	0.4003750000000001	0
51	greedy	white	1	79	0.448416	1
51	greedy_trans	black	1	79	0.290656	-1
52	greedy	white	1	64	0.2474830000000001	0
52	greedy_trans	black	1	64	0.4707699999999999	0
53	greedy	white	1	38	0.169559	-1
53	greedy_trans	black	1	38	0.282244	1
54	greedy	white	1	27	0.228481	1
54	greedy_trans	black	1	27	0.20450600000000002	-1
55	greedy	white	1	44	0.20050099999999996	0
55	greedy_trans	black	1	44	0.31487000000000015	0
56	greedy	white	1	22	0.159253	1
56	greedy_trans	black	1	22	0.18044900000000003	-1
57	greedy	white	1	25	0.13654499999999997	0
57	greedy_trans	black	1	25	0.22804300000000002	0
58	greedy	white	1	59	0.254808	0
58	greedy_trans	black	1	59	0.2658220000000001	0
59	greedy	white	1	54	0.31944399999999995	0
59	greedy_trans	black	1	54	0.23776399999999995	0
60	greedy	white	1	45	0.23434500000000005	0
60	greedy_trans	black	1	45	0.32947999999999994	0
61	greedy	white	1	73	0.2380639999999999	0
61	greedy_trans	black	1	73	0.47000200000000025	0
62	greedy	white	1	71	0.394675	0
62	greedy_trans	black	1	71	0.3728289999999999	0
63	greedy	white	1	81	0.3965340000000001	1
63	greedy_trans	black	1	81	0.3459469999999999	-1
64	greedy	white	1	123	0.6295099999999999	0
64	greedy_trans	black	1	123	0.444769	0
65	greedy	white	1	25	0.231249	1
65	greedy_trans	black	1	25	0.173032	-1
66	greedy	white	1	92	0.4758169999999999	0
66	greedy_trans	black	1	92	0.3520300000000002	0
67	greedy	white	1	125	0.542597	0
67	greedy_trans	black	1	125	0.409862	0
68	greedy	white	1	65	0.2979400000000001	0
68	greedy_trans	black	1	65	0.36867099999999997	0
69	greedy	white	1	45	0.28925200000000006	0
69	greedy_trans	black	1	45	0.26119999999999993	0
70	greedy	white	1	27	0.11236	-1
70	greedy_trans	black	1	27	0.24514999999999998	1
71	greedy	white	1	80	0.44714099999999984	0
71	greedy_trans	black	1	80	0.4026859999999999	0
72	greedy	white	1	66	0.238372	-1
72	greedy_trans	black	1	66	0.44578499999999993	1
73	greedy	white	1	58	0.47932199999999986	0
73	greedy_trans	black	1	58	0.3043709999999999	0
74	greedy	white	1	85	0.39494300000000016	0
74	greedy_trans	black	1	85	0.41613	0
75	greedy	white	1	140	0.519873	1
75	greedy_trans	black	1	140	0.48900499999999963	-1
76	greedy	white	1	16	0.052076	-1
76	greedy_trans	black	1	16	0.22800800000000004	1
77	greedy	white	1	54	0.21050899999999995	-1
77	greedy_trans	black	1	54	0.36975699999999995	1
78	greedy	white	1	38	0.36150099999999996	-1
78	greedy_trans	black	1	38	0.18127300000000002	1
79	greedy	white	1	24	0.200252	1
79	greedy_trans	black	1	24	0.083296	-1
80	greedy	white	1	42	0.21815000000000004	0
80	greedy_trans	black	1	42	0.20645999999999998	0
81	greedy	white	1	60	0.3643240000000001	1
81	greedy_trans	black	1	60	0.25085900000000005	-1
82	greedy	white	1	54	0.362062	0
82	greedy_trans	black	1	54	0.25016700000000003	0
83	greedy	white	1	56	0.23228200000000004	0
83	greedy_trans	black	1	56	0.24292900000000012	0
84	greedy	white	1	38	0.317486	0
84	greedy_trans	black	1	38	0.209425	0
85	greedy	white	1	69	0.411199	0
85	greedy_trans	black	1	69	0.321353	0
86	greedy	white	1	54	0.34707499999999997	0
86	greedy_trans	black	1	54	0.295292	0
87	greedy	white	1	98	0.356845	0
87	greedy_trans	black	1	98	0.4406880000000001	0
88	greedy	white	1	47	0.23560699999999993	0
88	greedy_trans	black	1	47	0.45755	0
89	greedy	white	1	52	0.2398750000000001	0
89	greedy_trans	black	1	52	0.38231600000000004	0
90	greedy	white	1	134	0.43751599999999996	0
90	greedy_trans	black	1	134	0.9190800000000003	0
91	greedy	white	1	72	0.25753600000000004	0
91	greedy_trans	black	1	72	0.351351	0
92	greedy	white	1	75	0.3346450000000001	0
92	greedy_trans	black	1	75	0.48861599999999994	0
93	greedy	white	1	29	0.17127899999999996	0
93	greedy_trans	black	1	29	0.317478	0
94	greedy	white	1	65	0.30326800000000004	0
94	greedy_trans	black	1	65	0.3447379999999998	0
95	greedy	white	1	36	0.28694	-1
95	greedy_trans	black	1	36	0.223155	1
96	greedy	white	1	18	0.11450299999999998	-1
96	greedy_trans	black	1	18	0.19554799999999997	1
97	greedy	white	1	63	0.27235000000000004	0
97	greedy_trans	black	1	63	0.25821500000000003	0
98	greedy	white	1	67	0.38985200000000014	0
98	greedy_trans	black	1	67	0.25348699999999996	0
99	greedy	white	1	57	0.33782900000000005	1
99	greedy_trans	black	1	57	0.26759800000000006	-1
100	greedy	white	1	57	0.22216400000000006	0
100	greedy_trans	black	1	57	0.42230699999999993	0
101	greedy	white	1	49	0.287501	0
101	greedy_trans	black	1	49	0.35433799999999993	0
102	greedy	white	1	55	0.29593500000000006	0
102	greedy_trans	black	1	55	0.296236	0
103	greedy	white	1	62	0.34485599999999994	0
103	greedy_trans	black	1	62	0.26068199999999997	0
104	greedy	white	1	25	0.128437	-1
104	greedy_trans	black	1	25	0.273285	1
105	greedy	white	1	70	0.36521700000000007	1
105	greedy_trans	black	1	70	0.2933890000000001	-1
106	greedy	white	1	71	0.304305	0
106	greedy_trans	black	1	71	0.49758200000000014	0
107	greedy	white	1	22	0.19849200000000006	1
107	greedy_trans	black	1	22	0.130815	-1
108	greedy	white	1	34	0.20530100000000004	0
108	greedy_trans	black	1	34	0.211552	0
109	greedy	white	1	57	0.31892800000000016	0
109	greedy_trans	black	1	57	0.32457499999999995	0
110	greedy	white	1	51	0.28108200000000005	1
110	greedy_trans	black	1	51	0.2805870000000001	-1
111	greedy	white	1	52	0.285779	0
111	greedy_trans	black	1	52	0.326234	0
112	greedy	white	1	33	0.28431999999999996	-1
112	greedy_trans	black	1	33	0.22338600000000003	1
113	greedy	white	1	61	0.39571600000000007	1
113	greedy_trans	black	1	61	0.3960669999999999	-1
114	greedy	white	1	33	0.24679600000000002	0
114	greedy_trans	black	1	33	0.17105400000000004	0
115	greedy	white	1	20	0.134253	-1
115	greedy_trans	black	1	20	0.183386	1
116	greedy	white	1	90	0.43512900000000004	0
116	greedy_trans	black	1	90	0.34165799999999996	0
117	greedy	white	1	70	0.6210029999999999	0
117	greedy_trans	black	1	70	0.27591600000000005	0
118	greedy	white	1	94	0.37887500000000013	0
118	greedy_trans	black	1	94	0.4007440000000001	0
119	greedy	white	1	52	0.2666839999999999	0
119	greedy_trans	black	1	52	0.34425900000000004	0
120	greedy	white	1	31	0.36015400000000003	0
120	greedy_trans	black	1	31	0.18278399999999997	0
121	greedy	white	1	70	0.43104800000000015	1
121	greedy_trans	black	1	70	0.3447510000000001	-1
122	greedy	white	1	105	0.3458939999999999	0
122	greedy_trans	black	1	105	0.307348	0
123	greedy	white	1	12	0.111196	1
123	greedy_trans	black	1	12	0.06479199999999999	-1
124	greedy	white	1	50	0.16542600000000002	0
124	greedy_trans	black	1	50	0.309975	0
125	greedy	white	1	24	0.13330800000000004	0
125	greedy_trans	black	1	24	0.136955	0
126	greedy	white	1	100	0.5399269999999999	0
126	greedy_trans	black	1	100	0.21661100000000003	0
127	greedy	white	1	50	0.420841	0
127	greedy_trans	black	1	50	0.21717799999999998	0
128	greedy	white	1	54	0.24590599999999993	0
128	greedy_trans	black	1	54	0.2966700000000001	0
129	greedy	white	1	57	0.30676999999999993	0
129	greedy_trans	black	1	57	0.25554000000000004	0
130	greedy	white	1	12	0.099962	1
130	greedy_trans	black	1	12	0.062734	-1
131	greedy	white	1	63	0.391542	1
131	greedy_trans	black	1	63	0.376711	-1
132	greedy	white	1	29	0.25502299999999994	0
132	greedy_trans	black	1	29	0.19349299999999997	0
133	greedy	white	1	109	0.4085149999999999	0
133	greedy_trans	black	1	109	0.431473	0
134	greedy	white	1	62	0.429422	0
134	greedy_trans	black	1	62	0.3356930000000001	0
135	greedy	white	1	64	0.30499099999999985	0
135	greedy_trans	black	1	64	0.39306599999999997	0
136	greedy	white	1	50	0.2805850000000001	-1
136	greedy_trans	black	1	50	0.28012200000000015	1
137	greedy	white	1	76	0.33791700000000024	0
137	greedy_trans	black	1	76	0.3230910000000001	0
138	greedy	white	1	46	0.26699000000000006	0
138	greedy_trans	black	1	46	0.199143	0
139	greedy	white	1	23	0.15224300000000002	-1
139	greedy_trans	black	1	23	0.19269000000000003	1
140	greedy	white	1	68	0.3138690000000001	0
140	greedy_trans	black	1	68	0.2747520000000001	0
141	greedy	white	1	5	0.04524700000000001	-1
141	greedy_trans	black	1	5	0.040108000000000005	1
142	greedy	white	1	130	0.3781919999999999	0
142	greedy_trans	black	1	130	0.4322970000000001	0
143	greedy	white	1	37	0.24459899999999998	0
143	greedy_trans	black	1	37	0.336093	0
144	greedy	white	1	62	0.46796699999999997	0
144	greedy_trans	black	1	62	0.20127799999999996	0
145	greedy	white	1	78	0.3155920000000001	0
145	greedy_trans	black	1	78	0.48354600000000003	0
146	greedy	white	1	65	0.594062	0
146	greedy_trans	black	1	65	0.16943500000000003	0
147	greedy	white	1	59	0.27132599999999996	0
147	greedy_trans	black	1	59	0.26908000000000004	0
148	greedy	white	1	20	0.17061099999999998	1
148	greedy_trans	black	1	20	0.123578	-1
149	greedy	white	1	19	0.14470000000000002	-1
149	greedy_trans	black	1	19	0.17352	1
150	greedy	white	1	33	0.32410000000000005	1
150	greedy_trans	black	1	33	0.146448	-1
151	greedy	white	1	77	0.57051	1
151	greedy_trans	black	1	77	0.24798199999999992	-1
152	greedy	white	1	63	0.30964100000000006	1
152	greedy_trans	black	1	63	0.16834699999999994	-1
153	greedy	white	1	121	0.4308469999999999	0
153	greedy_trans	black	1	121	0.4921619999999998	0
154	greedy	white	1	15	0.09476799999999999	-1
154	greedy_trans	black	1	15	0.073548	1
155	greedy	white	1	85	0.508913	0
155	greedy_trans	black	1	85	0.27036699999999997	0
156	greedy	white	1	42	0.20679000000000008	0
156	greedy_trans	black	1	42	0.22787500000000002	0
157	greedy	white	1	60	0.253417	0
157	greedy_trans	black	1	60	0.31222700000000003	0
158	greedy	white	1	180	0.5490899999999999	0
158	greedy_trans	black	1	180	0.8561099999999996	0
159	greedy	white	1	82	0.29900800000000016	0
159	greedy_trans	black	1	82	0.37284100000000014	0
160	greedy	white	1	67	0.3223390000000002	0
160	greedy_trans	black	1	67	0.3147309999999999	0
161	greedy	white	1	137	0.46492699999999976	0
161	greedy_trans	black	1	137	0.43829600000000035	0
162	greedy	white	1	135	0.4784729999999999	0
162	greedy_trans	black	1	135	0.6313820000000003	0
163	greedy	white	1	32	0.262612	0
163	greedy_trans	black	1	32	0.17005800000000004	0
164	greedy	white	1	69	0.3814259999999999	0
164	greedy_trans	black	1	69	0.18890199999999988	0
165	greedy	white	1	57	0.3831840000000002	0
165	greedy_trans	black	1	57	0.2814690000000001	0
166	greedy	white	1	54	0.24732599999999996	0
166	greedy_trans	black	1	54	0.3269210000000001	0
167	greedy	white	1	24	0.156775	0
167	greedy_trans	black	1	24	0.18884200000000004	0
168	greedy	white	1	77	0.46303599999999984	0
168	greedy_trans	black	1	77	0.3303029999999999	0
169	greedy	white	1	90	0.36688500000000007	0
169	greedy_trans	black	1	90	0.4628439999999999	0
170	greedy	white	1	12	0.12328799999999998	1
170	greedy_trans	black	1	12	0.042928	-1
171	greedy	white	1	55	0.2611990000000002	0
171	greedy_trans	black	1	55	0.528828	0
172	greedy	white	1	77	0.38026999999999994	1
172	greedy_trans	black	1	77	0.2990219999999999	-1
173	greedy	white	1	45	0.235974	0
173	greedy_trans	black	1	45	0.38945799999999997	0
174	greedy	white	1	23	0.278177	1
174	greedy_trans	black	1	23	0.082663	-1
175	greedy	white	1	21	0.15508	-1
175	greedy_trans	black	1	21	0.184365	1
176	greedy	white	1	81	0.34519	0
176	greedy_trans	black	1	81	0.31108199999999997	0
177	greedy	white	1	52	0.2863699999999999	0
177	greedy_trans	black	1	52	0.32850299999999993	0
178	greedy	white	1	57	0.29192999999999997	0
178	greedy_trans	black	1	57	0.33703800000000006	0
179	greedy	white	1	61	0.4078299999999999	0
179	greedy_trans	black	1	61	0.350394	0
180	greedy	white	1	57	0.23893799999999998	-1
180	greedy_trans	black	1	57	0.31155799999999995	1
181	greedy	white	1	8	0.058276999999999995	1
181	greedy_trans	black	1	8	0.05394799999999999	-1
182	greedy	white	1	72	0.3555980000000002	0
182	greedy_trans	black	1	72	0.417955	0
183	greedy	white	1	60	0.37307799999999997	0
183	greedy_trans	black	1	60	0.20191199999999995	0
184	greedy	white	1	53	0.37797100000000006	0
184	greedy_trans	black	1	53	0.29197799999999996	0
185	greedy	white	1	69	0.33627499999999977	-1
185	greedy_trans	black	1	69	0.43838299999999997	1
186	greedy	white	1	28	0.257828	1
186	greedy_trans	black	1	28	0.14134300000000005	-1
187	greedy	white	1	96	0.3795409999999999	0
187	greedy_trans	black	1	96	0.4022359999999998	0
188	greedy	white	1	70	0.31258100000000005	0
188	greedy_trans	black	1	70	0.4678390000000001	0
189	greedy	white	1	25	0.12081200000000002	0
189	greedy_trans	black	1	25	0.22216399999999994	0
190	greedy	white	1	116	0.4774390000000001	0
190	greedy_trans	black	1	116	0.5761170000000001	0
191	greedy	white	1	57	0.312362	1
191	greedy_trans	black	1	57	0.2554	-1
192	greedy	white	1	56	0.291179	0
192	greedy_trans	black	1	56	0.17561700000000008	0
193	greedy	white	1	83	0.34637900000000005	0
193	greedy_trans	black	1	83	0.4793419999999998	0
194	greedy	white	1	55	0.27680600000000005	0
194	greedy_trans	black	1	55	0.38810100000000003	0
195	greedy	white	1	104	0.4266569999999998	0
195	greedy_trans	black	1	104	0.42089099999999996	0
196	greedy	white	1	82	0.430351	0
196	greedy_trans	black	1	82	0.3639010000000002	0
197	greedy	white	1	8	0.061493	1
197	greedy_trans	black	1	8	0.050402	-1
198	greedy	white	1	45	0.3097780000000001	0
198	greedy_trans	black	1	45	0.2645710000000001	0
199	greedy	white	1	68	0.3721359999999999	1
199	greedy_trans	black	1	68	0.196359	-1
200	greedy	white	1	36	0.254548	0
200	greedy_trans	black	1	36	0.22582800000000003	0
201	greedy	white	1	67	0.372736	0
201	greedy_trans	black	1	67	0.318753	0
202	greedy	white	1	59	0.31398200000000004	-1
202	greedy_trans	black	1	59	0.30152400000000007	1
203	greedy	white	1	71	0.3001050000000001	0
203	greedy_trans	black	1	71	0.22655500000000003	0
204	greedy	white	1	95	0.34086200000000016	-1
204	greedy_trans	black	1	95	0.3604009999999999	1
205	greedy	white	1	60	0.25408200000000003	0
205	greedy_trans	black	1	60	0.36336899999999994	0
206	greedy	white	1	74	0.292798	0
206	greedy_trans	black	1	74	0.3740780000000002	0
207	greedy	white	1	61	0.43685099999999993	0
207	greedy_trans	black	1	61	0.39515999999999996	0
208	greedy	white	1	80	0.3591399999999999	0
208	greedy_trans	black	1	80	0.3244709999999999	0
209	greedy	white	1	71	0.48262700000000003	0
209	greedy_trans	black	1	71	0.317999	0
210	greedy	white	1	33	0.22650300000000004	0
210	greedy_trans	black	1	33	0.22983099999999998	0
211	greedy	white	1	104	0.42285300000000003	0
211	greedy_trans	black	1	104	0.43092599999999975	0
212	greedy	white	1	59	0.231764	0
212	greedy_trans	black	1	59	0.5274630000000002	0
213	greedy	white	1	51	0.34092900000000004	0
213	greedy_trans	black	1	51	0.29746500000000003	0
214	greedy	white	1	62	0.244093	0
214	greedy_trans	black	1	62	0.438104	0
215	greedy	white	1	78	0.22898900000000003	0
215	greedy_trans	black	1	78	0.3894810000000001	0
216	greedy	white	1	14	0.096033	-1
216	greedy_trans	black	1	14	0.13116999999999998	1
217	greedy	white	1	54	0.315752	1
217	greedy_trans	black	1	54	0.3572040000000001	-1
218	greedy	white	1	40	0.16981000000000002	0
218	greedy_trans	black	1	40	0.297974	0
219	greedy	white	1	109	0.46473600000000015	0
219	greedy_trans	black	1	109	0.37510799999999983	0
220	greedy	white	1	49	0.35296499999999986	0
220	greedy_trans	black	1	49	0.139576	0
221	greedy	white	1	130	0.5013050000000002	0
221	greedy_trans	black	1	130	0.49838	0
222	greedy	white	1	64	0.478292	0
222	greedy_trans	black	1	64	0.322728	0
223	greedy	white	1	9	0.085686	1
223	greedy_trans	black	1	9	0.022247	-1
224	greedy	white	1	84	0.45499599999999996	1
224	greedy_trans	black	1	84	0.26408100000000007	-1
225	greedy	white	1	59	0.43660999999999994	0
225	greedy_trans	black	1	59	0.29504999999999987	0
226	greedy	white	1	68	0.40600699999999995	0
226	greedy_trans	black	1	68	0.3104140000000001	0
227	greedy	white	1	84	0.5599180000000001	0
227	greedy_trans	black	1	84	0.22171900000000003	0
228	greedy	white	1	109	0.413086	0
228	greedy_trans	black	1	109	0.4579669999999998	0
229	greedy	white	1	57	0.296796	1
229	greedy_trans	black	1	57	0.24185100000000012	-1
230	greedy	white	1	48	0.19854299999999997	0
230	greedy_trans	black	1	48	0.438835	0
231	greedy	white	1	67	0.40580299999999964	0
231	greedy_trans	black	1	67	0.25153200000000003	0
232	greedy	white	1	51	0.25827799999999995	0
232	greedy_trans	black	1	51	0.30587399999999987	0
233	greedy	white	1	7	0.058395999999999997	1
233	greedy_trans	black	1	7	0.04269799999999999	-1
234	greedy	white	1	128	0.494178	0
234	greedy_trans	black	1	128	0.48856799999999995	0
235	greedy	white	1	24	0.23638	0
235	greedy_trans	black	1	24	0.03994500000000001	0
236	greedy	white	1	27	0.213934	0
236	greedy_trans	black	1	27	0.045306000000000006	0
237	greedy	white	1	79	0.4077309999999999	1
237	greedy_trans	black	1	79	0.44077599999999995	-1
238	greedy	white	1	74	0.36392700000000006	0
238	greedy_trans	black	1	74	0.43792500000000006	0
239	greedy	white	1	42	0.24196300000000004	1
239	greedy_trans	black	1	42	0.27386900000000003	-1
240	greedy	white	1	104	0.38838300000000014	0
240	greedy_trans	black	1	104	0.461405	0
241	greedy	white	1	19	0.171205	-1
241	greedy_trans	black	1	19	0.064833	1
242	greedy	white	1	54	0.29039099999999995	0
242	greedy_trans	black	1	54	0.32632799999999995	0
243	greedy	white	1	4	0.024207999999999997	-1
243	greedy_trans	black	1	4	0.029771	1
244	greedy	white	1	45	0.20283400000000001	-1
244	greedy_trans	black	1	45	0.3743520000000001	1
245	greedy	white	1	113	0.487431	1
245	greedy_trans	black	1	113	0.43548100000000006	-1
246	greedy	white	1	94	0.526478	0
246	greedy_trans	black	1	94	0.21135299999999999	0
247	greedy	white	1	60	0.403296	0
247	greedy_trans	black	1	60	0.3255030000000001	0
248	greedy	white	1	63	0.278801	0
248	greedy_trans	black	1	63	0.23849400000000004	0
249	greedy	white	1	50	0.35280000000000006	0
249	greedy_trans	black	1	50	0.304	0
250	greedy	white	1	41	0.32922399999999996	-1
250	greedy_trans	black	1	41	0.219362	1
251	greedy	white	1	27	0.25955900000000004	0
251	greedy_trans	black	1	27	0.18169200000000002	0
252	greedy	white	1	79	0.287066	0
252	greedy_trans	black	1	79	0.3184060000000001	0
253	greedy	white	1	75	0.4173169999999999	0
253	greedy_trans	black	1	75	0.2675219999999999	0
254	greedy	white	1	63	0.32366399999999995	0
254	greedy_trans	black	1	63	0.413082	0
255	greedy	white	1	22	0.12934299999999999	0
255	greedy_trans	black	1	22	0.16222500000000006	0
256	greedy	white	1	60	0.33782799999999996	0
256	greedy_trans	black	1	60	0.34330599999999994	0
257	greedy	white	1	31	0.258448	0
257	greedy_trans	black	1	31	0.09074399999999999	0
258	greedy	white	1	63	0.3357170000000001	0
258	greedy_trans	black	1	63	0.33984999999999993	0
259	greedy	white	1	42	0.215573	0
259	greedy_trans	black	1	42	0.24168500000000004	0
260	greedy	white	1	58	0.3620279999999999	0
260	greedy_trans	black	1	58	0.3405849999999998	0
261	greedy	white	1	46	0.28771699999999995	1
261	greedy_trans	black	1	46	0.16319699999999998	-1
262	greedy	white	1	136	0.5717960000000001	0
262	greedy_trans	black	1	136	0.3805680000000001	0
263	greedy	white	1	44	0.27101499999999984	0
263	greedy_trans	black	1	44	0.285412	0
264	greedy	white	1	53	0.23144699999999993	0
264	greedy_trans	black	1	53	0.18232500000000001	0
265	greedy	white	1	58	0.2527670000000001	0
265	greedy_trans	black	1	58	0.38349299999999986	0
266	greedy	white	1	114	0.6011699999999999	1
266	greedy_trans	black	1	114	0.37322500000000003	-1
267	greedy	white	1	28	0.27516599999999997	1
267	greedy_trans	black	1	28	0.20556200000000002	-1
268	greedy	white	1	61	0.2950089999999999	0
268	greedy_trans	black	1	61	0.3134080000000001	0
269	greedy	white	1	56	0.35281200000000007	-1
269	greedy_trans	black	1	56	0.22646200000000005	1
270	greedy	white	1	34	0.23927	0
270	greedy_trans	black	1	34	0.15287	0
271	greedy	white	1	44	0.23600800000000002	0
271	greedy_trans	black	1	44	0.195424	0
272	greedy	white	1	86	0.4221710000000001	0
272	greedy_trans	black	1	86	0.36384699999999986	0
273	greedy	white	1	75	0.5219390000000002	1
273	greedy_trans	black	1	75	0.29314299999999993	-1
274	greedy	white	1	44	0.340618	1
274	greedy_trans	black	1	44	0.12033099999999995	-1
275	greedy	white	1	44	0.16964400000000002	-1
275	greedy_trans	black	1	44	0.427092	1
276	greedy	white	1	83	0.3823230000000001	0
276	greedy_trans	black	1	83	0.3568890000000001	0
277	greedy	white	1	15	0.14575100000000002	1
277	greedy_trans	black	1	15	0.11959700000000001	-1
278	greedy	white	1	38	0.364144	0
278	greedy_trans	black	1	38	0.18825399999999992	0
279	greedy	white	1	57	0.223579	0
279	greedy_trans	black	1	57	0.33606799999999976	0
280	greedy	white	1	31	0.21068100000000003	0
280	greedy_trans	black	1	31	0.27659000000000006	0
281	greedy	white	1	91	0.3801349999999999	0
281	greedy_trans	black	1	91	0.31881299999999985	0
282	greedy	white	1	73	0.3172650000000001	1
282	greedy_trans	black	1	73	0.34481100000000003	-1
283	greedy	white	1	117	0.43051199999999995	0
283	greedy_trans	black	1	117	0.5906030000000002	0
284	greedy	white	1	131	0.5371429999999999	0
284	greedy_trans	black	1	131	0.44381999999999994	0
285	greedy	white	1	39	0.366256	0
285	greedy_trans	black	1	39	0.21149700000000005	0
286	greedy	white	1	31	0.3512200000000001	0
286	greedy_trans	black	1	31	0.163417	0
287	greedy	white	1	5	0.041021	1
287	greedy_trans	black	1	5	0.019776	-1
288	greedy	white	1	162	0.6879060000000004	0
288	greedy_trans	black	1	162	0.6049350000000001	0
289	greedy	white	1	50	0.26825000000000004	1
289	greedy_trans	black	1	50	0.28514	-1
290	greedy	white	1	61	0.291199	1
290	greedy_trans	black	1	61	0.38695599999999997	-1
291	greedy	white	1	48	0.2587379999999999	0
291	greedy_trans	black	1	48	0.30197	0
292	greedy	white	1	54	0.27537799999999985	-1
292	greedy_trans	black	1	54	0.275404	1
293	greedy	white	1	31	0.222329	0
293	greedy_trans	black	1	31	0.16570699999999997	0
294	greedy	white	1	123	0.44766700000000015	0
294	greedy_trans	black	1	123	0.39125999999999994	0
295	greedy	white	1	54	0.2988659999999999	0
295	greedy_trans	black	1	54	0.34234000000000003	0
296	greedy	white	1	62	0.252091	-1
296	greedy_trans	black	1	62	0.4236199999999999	1
297	greedy	white	1	56	0.34134699999999996	0
297	greedy_trans	black	1	56	0.15582500000000002	0
298	greedy	white	1	81	0.275661	0
298	greedy_trans	black	1	81	0.6829149999999998	0
299	greedy	white	1	71	0.366049	0
299	greedy_trans	black	1	71	0.3705099999999999	0
