game_number	agent_type	agent_color	agent_depth	agent_num_moves	agent_decision_time	game_result
0	greedy	white	1	34	0.30446499999999993	0
0	greedy_trans	black	1	34	0.21814099999999997	0
1	greedy	white	1	8	0.066287	-1
1	greedy_trans	black	1	8	0.06846100000000001	1
2	greedy	white	1	84	0.371497	0
2	greedy_trans	black	1	84	0.354994	0
3	greedy	white	1	61	0.32825499999999996	-1
3	greedy_trans	black	1	61	0.385976	1
4	greedy	white	1	58	0.31595100000000004	0
4	greedy_trans	black	1	58	0.33663800000000005	0
5	greedy	white	1	72	0.25982600000000006	0
5	greedy_trans	black	1	72	0.5139650000000002	0
6	greedy	white	1	79	0.378055	0
6	greedy_trans	black	1	79	0.290124	0
7	greedy	white	1	58	0.347108	0
7	greedy_trans	black	1	58	0.22563	0
8	greedy	white	1	39	0.354894	0
8	greedy_trans	black	1	39	0.14827200000000001	0
9	greedy	white	1	106	0.346577	0
9	greedy_trans	black	1	106	0.4315049999999998	0
10	greedy	white	1	64	0.29084000000000004	-1
10	greedy_trans	black	1	64	0.413466	1
11	greedy	white	1	24	0.16082	-1
11	greedy_trans	black	1	24	0.284585	1
12	greedy	white	1	119	0.5631779999999998	0
12	greedy_trans	black	1	119	0.45803000000000005	0
13	greedy	white	1	27	0.21323199999999998	-1
13	greedy_trans	black	1	27	0.25940499999999994	1
14	greedy	white	1	47	0.24445200000000003	0
14	greedy_trans	black	1	47	0.37129399999999996	0
15	greedy	white	1	44	0.28304999999999997	0
15	greedy_trans	black	1	44	0.23869299999999996	0
16	greedy	white	1	39	0.22869600000000007	0
16	greedy_trans	black	1	39	0.20973800000000004	0
17	greedy	white	1	23	0.23998300000000006	1
17	greedy_trans	black	1	23	0.19326299999999996	-1
18	greedy	white	1	82	0.32576900000000003	0
18	greedy_trans	black	1	82	0.445685	0
19	greedy	white	1	65	0.32344299999999987	0
19	greedy_trans	black	1	65	0.3141730000000001	0
20	greedy	white	1	49	0.35887700000000006	0
20	greedy_trans	black	1	49	0.22753299999999999	0
21	greedy	white	1	96	0.336391	0
21	greedy_trans	black	1	96	0.49896399999999985	0
22	greedy	white	1	63	0.28900300000000007	0
22	greedy_trans	black	1	63	0.5551839999999998	0
23	greedy	white	1	65	0.2972999999999999	0
23	greedy_trans	black	1	65	0.3540730000000001	0
24	greedy	white	1	75	0.46820100000000003	0
24	greedy_trans	black	1	75	0.44534900000000005	0
25	greedy	white	1	40	0.2727150000000001	-1
25	greedy_trans	black	1	40	0.370338	1
26	greedy	white	1	69	0.417992	0
26	greedy_trans	black	1	69	0.25436499999999995	0
27	greedy	white	1	34	0.27011700000000005	0
27	greedy_trans	black	1	34	0.19415500000000002	0
28	greedy	white	1	102	0.452736	-1
28	greedy_trans	black	1	102	0.37205500000000014	1
29	greedy	white	1	90	0.41471299999999994	0
29	greedy_trans	black	1	90	0.4215030000000002	0
30	greedy	white	1	39	0.18442199999999997	0
30	greedy_trans	black	1	39	0.372988	0
31	greedy	white	1	69	0.44360199999999983	0
31	greedy_trans	black	1	69	0.25487399999999993	0
32	greedy	white	1	6	0.051197	-1
32	greedy_trans	black	1	6	0.04031099999999999	1
33	greedy	white	1	71	0.39496700000000007	-1
33	greedy_trans	black	1	71	0.43115200000000004	1
34	greedy	white	1	129	0.6413470000000003	0
34	greedy_trans	black	1	129	0.483286	0
35	greedy	white	1	48	0.23386700000000002	-1
35	greedy_trans	black	1	48	0.35095	1
36	greedy	white	1	28	0.15293400000000001	-1
36	greedy_trans	black	1	28	0.31995199999999996	1
37	greedy	white	1	51	0.309997	-1
37	greedy_trans	black	1	51	0.22487599999999996	1
38	greedy	white	1	132	0.534244	0
38	greedy_trans	black	1	132	0.5555920000000001	0
39	greedy	white	1	98	0.640151	0
39	greedy_trans	black	1	98	0.43284599999999995	0
40	greedy	white	1	87	0.7594540000000002	0
40	greedy_trans	black	1	87	0.2513839999999998	0
41	greedy	white	1	103	0.41321500000000005	0
41	greedy_trans	black	1	103	0.392772	0
42	greedy	white	1	113	0.467514	1
42	greedy_trans	black	1	113	0.40953000000000034	-1
43	greedy	white	1	47	0.30012999999999995	0
43	greedy_trans	black	1	47	0.205588	0
44	greedy	white	1	30	0.234927	1
44	greedy_trans	black	1	30	0.22237200000000001	-1
45	greedy	white	1	43	0.23680699999999993	0
45	greedy_trans	black	1	43	0.225898	0
46	greedy	white	1	10	0.070283	1
46	greedy_trans	black	1	10	0.07008600000000001	-1
47	greedy	white	1	39	0.2261730000000001	0
47	greedy_trans	black	1	39	0.261114	0
48	greedy	white	1	18	0.16004099999999996	-1
48	greedy_trans	black	1	18	0.14264900000000003	1
49	greedy	white	1	80	0.505318	0
49	greedy_trans	black	1	80	0.2733290000000001	0
50	greedy	white	1	38	0.29608300000000004	0
50	greedy_trans	black	1	38	0.199558	0
51	greedy	white	1	61	0.40958900000000015	0
51	greedy_trans	black	1	61	0.263571	0
52	greedy	white	1	54	0.24777699999999994	0
52	greedy_trans	black	1	54	0.32741500000000007	0
53	greedy	white	1	108	0.37289199999999983	0
53	greedy_trans	black	1	108	0.4731829999999999	0
54	greedy	white	1	88	0.37785499999999994	0
54	greedy_trans	black	1	88	0.3692140000000001	0
55	greedy	white	1	36	0.31047	1
55	greedy_trans	black	1	36	0.21266500000000008	-1
56	greedy	white	1	77	0.3907409999999999	0
56	greedy_trans	black	1	77	0.4575449999999998	0
57	greedy	white	1	34	0.258315	0
57	greedy_trans	black	1	34	0.22011000000000003	0
58	greedy	white	1	71	0.2540259999999999	0
58	greedy_trans	black	1	71	0.47252299999999997	0
59	greedy	white	1	35	0.19297899999999998	0
59	greedy_trans	black	1	35	0.36658199999999996	0
60	greedy	white	1	23	0.11958500000000002	-1
60	greedy_trans	black	1	23	0.25110599999999994	1
61	greedy	white	1	59	0.20893500000000004	0
61	greedy_trans	black	1	59	0.3415090000000002	0
62	greedy	white	1	11	0.09729	1
62	greedy_trans	black	1	11	0.017097	-1
63	greedy	white	1	97	0.4208420000000001	0
63	greedy_trans	black	1	97	0.22708400000000004	0
64	greedy	white	1	70	0.2235330000000001	-1
64	greedy_trans	black	1	70	0.436746	1
65	greedy	white	1	69	0.31182400000000005	0
65	greedy_trans	black	1	69	0.31866499999999987	0
66	greedy	white	1	56	0.33597	0
66	greedy_trans	black	1	56	0.32202700000000006	0
67	greedy	white	1	68	0.387541	1
67	greedy_trans	black	1	68	0.23933899999999989	-1
68	greedy	white	1	53	0.26906599999999997	0
68	greedy_trans	black	1	53	0.35594600000000004	0
69	greedy	white	1	13	0.11807100000000001	-1
69	greedy_trans	black	1	13	0.09901100000000002	1
70	greedy	white	1	43	0.23847899999999994	1
70	greedy_trans	black	1	43	0.23261699999999996	-1
71	greedy	white	1	73	0.572081	0
71	greedy_trans	black	1	73	0.26451199999999997	0
72	greedy	white	1	51	0.374525	1
72	greedy_trans	black	1	51	0.2230600000000001	-1
73	greedy	white	1	65	0.47077799999999975	0
73	greedy_trans	black	1	65	0.21703699999999998	0
74	greedy	white	1	47	0.256719	-1
74	greedy_trans	black	1	47	0.4304640000000001	1
75	greedy	white	1	38	0.3219470000000001	0
75	greedy_trans	black	1	38	0.14797100000000002	0
76	greedy	white	1	47	0.18898399999999999	0
76	greedy_trans	black	1	47	0.25514699999999996	0
77	greedy	white	1	93	0.3386230000000002	1
77	greedy_trans	black	1	93	0.37366200000000016	-1
78	greedy	white	1	61	0.2324909999999999	0
78	greedy_trans	black	1	61	0.40182799999999996	0
79	greedy	white	1	40	0.236879	-1
79	greedy_trans	black	1	40	0.26377899999999993	1
80	greedy	white	1	48	0.21407700000000002	0
80	greedy_trans	black	1	48	0.4654849999999999	0
81	greedy	white	1	7	0.054264	1
81	greedy_trans	black	1	7	0.061153	-1
82	greedy	white	1	60	0.184365	-1
82	greedy_trans	black	1	60	0.20891099999999999	1
83	greedy	white	1	118	0.417275	0
83	greedy_trans	black	1	118	0.36654699999999996	0
84	greedy	white	1	49	0.297691	1
84	greedy_trans	black	1	49	0.226589	-1
85	greedy	white	1	25	0.241581	0
85	greedy_trans	black	1	25	0.10978600000000001	0
86	greedy	white	1	50	0.473367	0
86	greedy_trans	black	1	50	0.248582	0
87	greedy	white	1	47	0.25527000000000005	0
87	greedy_trans	black	1	47	0.28697299999999987	0
88	greedy	white	1	100	0.45400799999999986	0
88	greedy_trans	black	1	100	0.44114100000000006	0
89	greedy	white	1	35	0.27760899999999994	0
89	greedy_trans	black	1	35	0.20542099999999996	0
90	greedy	white	1	67	0.25412799999999997	0
90	greedy_trans	black	1	67	0.352345	0
91	greedy	white	1	29	0.281335	1
91	greedy_trans	black	1	29	0.10618999999999996	-1
92	greedy	white	1	50	0.308045	0
92	greedy_trans	black	1	50	0.37366199999999994	0
93	greedy	white	1	44	0.37359699999999996	1
93	greedy_trans	black	1	44	0.188088	-1
94	greedy	white	1	97	0.47323999999999977	0
94	greedy_trans	black	1	97	0.2557179999999999	0
95	greedy	white	1	11	0.066708	-1
95	greedy_trans	black	1	11	0.086338	1
96	greedy	white	1	63	0.30554600000000004	0
96	greedy_trans	black	1	63	0.2582420000000001	0
97	greedy	white	1	36	0.18915799999999997	0
97	greedy_trans	black	1	36	0.360259	0
98	greedy	white	1	57	0.35963099999999987	0
98	greedy_trans	black	1	57	0.21629300000000004	0
99	greedy	white	1	71	0.441617	1
99	greedy_trans	black	1	71	0.33419599999999994	-1
100	greedy	white	1	60	0.26425199999999993	0
100	greedy_trans	black	1	60	0.35043500000000005	0
101	greedy	white	1	62	0.5302110000000001	1
101	greedy_trans	black	1	62	0.2772260000000001	-1
102	greedy	white	1	51	0.32085400000000003	1
102	greedy_trans	black	1	51	0.26267500000000005	-1
103	greedy	white	1	50	0.34437700000000004	0
103	greedy_trans	black	1	50	0.3254529999999999	0
104	greedy	white	1	24	0.22522999999999999	0
104	greedy_trans	black	1	24	0.127514	0
105	greedy	white	1	42	0.3071080000000001	0
105	greedy_trans	black	1	42	0.18758399999999997	0
106	greedy	white	1	54	0.18747999999999998	0
106	greedy_trans	black	1	54	0.40075700000000003	0
107	greedy	white	1	53	0.35751700000000014	0
107	greedy_trans	black	1	53	0.24070899999999992	0
108	greedy	white	1	39	0.22816900000000007	0
108	greedy_trans	black	1	39	0.300026	0
109	greedy	white	1	59	0.48219500000000004	0
109	greedy_trans	black	1	59	0.357419	0
110	greedy	white	1	12	0.11189	1
110	greedy_trans	black	1	12	0.08508700000000001	-1
111	greedy	white	1	27	0.26966300000000004	1
111	greedy_trans	black	1	27	0.176959	-1
112	greedy	white	1	23	0.222989	1
112	greedy_trans	black	1	23	0.131472	-1
113	greedy	white	1	68	0.4211770000000001	0
113	greedy_trans	black	1	68	0.29763	0
114	greedy	white	1	57	0.42305699999999996	1
114	greedy_trans	black	1	57	0.28805899999999995	-1
115	greedy	white	1	81	0.40952400000000017	0
115	greedy_trans	black	1	81	0.24572699999999995	0
116	greedy	white	1	58	0.3556210000000001	0
116	greedy_trans	black	1	58	0.3070740000000002	0
117	greedy	white	1	66	0.3281379999999998	-1
117	greedy_trans	black	1	66	0.26613599999999993	1
118	greedy	white	1	93	0.40270600000000006	0
118	greedy_trans	black	1	93	0.502894	0
119	greedy	white	1	69	0.40490899999999985	0
119	greedy_trans	black	1	69	0.24828199999999997	0
120	greedy	white	1	88	0.2958010000000001	0
120	greedy_trans	black	1	88	0.24092100000000014	0
121	greedy	white	1	65	0.3616649999999999	1
121	greedy_trans	black	1	65	0.284317	-1
122	greedy	white	1	26	0.173326	0
122	greedy_trans	black	1	26	0.176593	0
123	greedy	white	1	36	0.22500399999999998	0
123	greedy_trans	black	1	36	0.24669500000000003	0
124	greedy	white	1	33	0.21984299999999996	1
124	greedy_trans	black	1	33	0.2702599999999999	-1
125	greedy	white	1	88	0.412842	0
125	greedy_trans	black	1	88	0.47178499999999995	0
126	greedy	white	1	55	0.27323699999999995	0
126	greedy_trans	black	1	55	0.2801170000000001	0
127	greedy	white	1	70	0.35386400000000007	0
127	greedy_trans	black	1	70	0.3945800000000001	0
128	greedy	white	1	8	0.062538	-1
128	greedy_trans	black	1	8	0.066177	1
129	greedy	white	1	115	0.5340069999999999	0
129	greedy_trans	black	1	115	0.376791	0
130	greedy	white	1	80	0.37634799999999985	0
130	greedy_trans	black	1	80	0.3208109999999999	0
131	greedy	white	1	83	0.5737279999999999	1
131	greedy_trans	black	1	83	0.27406899999999973	-1
132	greedy	white	1	18	0.09826700000000001	1
132	greedy_trans	black	1	18	0.122581	-1
133	greedy	white	1	44	0.3057889999999999	0
133	greedy_trans	black	1	44	0.24005100000000004	0
134	greedy	white	1	42	0.39715400000000006	0
134	greedy_trans	black	1	42	0.25061200000000006	0
135	greedy	white	1	57	0.3605690000000001	0
135	greedy_trans	black	1	57	0.2999310000000001	0
136	greedy	white	1	85	0.4606339999999999	0
136	greedy_trans	black	1	85	0.41373699999999997	0
137	greedy	white	1	81	0.328976	1
137	greedy_trans	black	1	81	0.45612099999999994	-1
138	greedy	white	1	62	0.28391099999999986	0
138	greedy_trans	black	1	62	0.277837	0
139	greedy	white	1	64	0.3425669999999998	0
139	greedy_trans	black	1	64	0.3870180000000002	0
140	greedy	white	1	131	0.5683950000000002	0
140	greedy_trans	black	1	131	0.3731339999999998	0
141	greedy	white	1	9	0.10476799999999997	1
141	greedy_trans	black	1	9	0.028838000000000003	-1
142	greedy	white	1	83	0.47339899999999996	0
142	greedy_trans	black	1	83	0.3255870000000001	0
143	greedy	white	1	52	0.3728699999999998	0
143	greedy_trans	black	1	52	0.22860000000000008	0
144	greedy	white	1	7	0.061562000000000006	-1
144	greedy_trans	black	1	7	0.055384	1
145	greedy	white	1	44	0.349655	1
145	greedy_trans	black	1	44	0.21790400000000001	-1
146	greedy	white	1	63	0.297505	-1
146	greedy_trans	black	1	63	0.360298	1
147	greedy	white	1	86	0.2707669999999999	-1
147	greedy_trans	black	1	86	0.7261130000000002	1
148	greedy	white	1	22	0.128383	-1
148	greedy_trans	black	1	22	0.22683900000000004	1
149	greedy	white	1	76	0.350508	0
149	greedy_trans	black	1	76	0.36648899999999984	0
150	greedy	white	1	110	0.4408460000000001	0
150	greedy_trans	black	1	110	0.26627699999999993	0
151	greedy	white	1	6	0.057466	-1
151	greedy_trans	black	1	6	0.068062	1
152	greedy	white	1	8	0.053128	-1
152	greedy_trans	black	1	8	0.062561	1
153	greedy	white	1	109	0.38568099999999994	0
153	greedy_trans	black	1	109	0.2686970000000001	0
154	greedy	white	1	54	0.38442699999999996	0
154	greedy_trans	black	1	54	0.23238800000000007	0
155	greedy	white	1	41	0.30158499999999994	1
155	greedy_trans	black	1	41	0.22184199999999998	-1
156	greedy	white	1	79	0.25892299999999996	0
156	greedy_trans	black	1	79	0.460944	0
157	greedy	white	1	56	0.41973900000000014	1
157	greedy_trans	black	1	56	0.236564	-1
158	greedy	white	1	57	0.273033	0
158	greedy_trans	black	1	57	0.3327729999999999	0
159	greedy	white	1	23	0.139819	-1
159	greedy_trans	black	1	23	0.20000499999999996	1
160	greedy	white	1	15	0.132528	1
160	greedy_trans	black	1	15	0.093869	-1
161	greedy	white	1	32	0.22972499999999996	0
161	greedy_trans	black	1	32	0.176741	0
162	greedy	white	1	100	0.48538000000000014	0
162	greedy_trans	black	1	100	0.37979200000000013	0
163	greedy	white	1	51	0.3187800000000001	0
163	greedy_trans	black	1	51	0.3459660000000001	0
164	greedy	white	1	126	0.7611100000000003	0
164	greedy_trans	black	1	126	0.443061	0
165	greedy	white	1	48	0.311664	-1
165	greedy_trans	black	1	48	0.378348	1
166	greedy	white	1	62	0.3677589999999999	0
166	greedy_trans	black	1	62	0.268674	0
167	greedy	white	1	55	0.26316	0
167	greedy_trans	black	1	55	0.3181980000000001	0
168	greedy	white	1	73	0.46528200000000003	0
168	greedy_trans	black	1	73	0.44339300000000004	0
169	greedy	white	1	45	0.31907199999999997	1
169	greedy_trans	black	1	45	0.32172	-1
170	greedy	white	1	31	0.24738200000000002	-1
170	greedy_trans	black	1	31	0.223409	1
171	greedy	white	1	109	0.3473249999999999	0
171	greedy_trans	black	1	109	0.46437999999999996	0
172	greedy	white	1	80	0.4457619999999999	1
172	greedy_trans	black	1	80	0.3269549999999999	-1
173	greedy	white	1	61	0.34126500000000004	0
173	greedy_trans	black	1	61	0.13848900000000003	0
174	greedy	white	1	66	0.4039840000000001	0
174	greedy_trans	black	1	66	0.25586100000000006	0
175	greedy	white	1	73	0.4958869999999999	0
175	greedy_trans	black	1	73	0.3774840000000001	0
176	greedy	white	1	57	0.4392090000000001	1
176	greedy_trans	black	1	57	0.20252600000000007	-1
177	greedy	white	1	40	0.351948	1
177	greedy_trans	black	1	40	0.17371499999999993	-1
178	greedy	white	1	128	0.5713410000000003	0
178	greedy_trans	black	1	128	0.45224599999999987	0
179	greedy	white	1	62	0.30558700000000016	-1
179	greedy_trans	black	1	62	0.3503270000000001	1
180	greedy	white	1	42	0.322645	0
180	greedy_trans	black	1	42	0.17891500000000002	0
181	greedy	white	1	31	0.22802200000000003	0
181	greedy_trans	black	1	31	0.18204100000000004	0
182	greedy	white	1	31	0.24906200000000003	-1
182	greedy_trans	black	1	31	0.187577	1
183	greedy	white	1	58	0.27801300000000007	1
183	greedy_trans	black	1	58	0.30779099999999987	-1
184	greedy	white	1	57	0.32265200000000005	0
184	greedy_trans	black	1	57	0.203296	0
185	greedy	white	1	5	0.045703	-1
185	greedy_trans	black	1	5	0.03088	1
186	greedy	white	1	18	0.167134	1
186	greedy_trans	black	1	18	0.087878	-1
187	greedy	white	1	47	0.22923800000000005	-1
187	greedy_trans	black	1	47	0.4439669999999999	1
188	greedy	white	1	54	0.23565500000000003	-1
188	greedy_trans	black	1	54	0.33655299999999994	1
189	greedy	white	1	64	0.3545639999999999	1
189	greedy_trans	black	1	64	0.20683400000000005	-1
190	greedy	white	1	68	0.267397	0
190	greedy_trans	black	1	68	0.37780100000000016	0
191	greedy	white	1	57	0.25207699999999994	1
191	greedy_trans	black	1	57	0.247973	-1
192	greedy	white	1	47	0.369442	0
192	greedy_trans	black	1	47	0.26615400000000006	0
193	greedy	white	1	58	0.32703299999999996	-1
193	greedy_trans	black	1	58	0.27276100000000003	1
194	greedy	white	1	139	0.6424010000000004	0
194	greedy_trans	black	1	139	0.429377	0
195	greedy	white	1	38	0.3264440000000002	0
195	greedy_trans	black	1	38	0.19996599999999995	0
196	greedy	white	1	120	0.5037100000000001	0
196	greedy_trans	black	1	120	0.503263	0
197	greedy	white	1	38	0.31928300000000004	-1
197	greedy_trans	black	1	38	0.265407	1
198	greedy	white	1	26	0.34720899999999993	0
198	greedy_trans	black	1	26	0.04171100000000001	0
199	greedy	white	1	69	0.3304360000000001	0
199	greedy_trans	black	1	69	0.32823699999999995	0
200	greedy	white	1	116	0.4962369999999998	0
200	greedy_trans	black	1	116	0.30927600000000005	0
201	greedy	white	1	91	0.4395970000000002	0
201	greedy_trans	black	1	91	0.43432400000000027	0
202	greedy	white	1	22	0.18577	1
202	greedy_trans	black	1	22	0.15974500000000003	-1
203	greedy	white	1	58	0.305974	0
203	greedy_trans	black	1	58	0.253117	0
204	greedy	white	1	50	0.46226	0
204	greedy_trans	black	1	50	0.18198700000000007	0
205	greedy	white	1	31	0.29447599999999996	0
205	greedy_trans	black	1	31	0.11499700000000003	0
206	greedy	white	1	35	0.22692900000000005	0
206	greedy_trans	black	1	35	0.343724	0
207	greedy	white	1	46	0.2793590000000001	0
207	greedy_trans	black	1	46	0.22474699999999997	0
208	greedy	white	1	24	0.232825	1
208	greedy_trans	black	1	24	0.086882	-1
209	greedy	white	1	58	0.34135499999999985	1
209	greedy_trans	black	1	58	0.24711200000000005	-1
210	greedy	white	1	62	0.2962099999999999	0
210	greedy_trans	black	1	62	0.30587500000000006	0
211	greedy	white	1	31	0.16336699999999996	0
211	greedy_trans	black	1	31	0.179577	0
212	greedy	white	1	49	0.22529399999999997	0
212	greedy_trans	black	1	49	0.31112799999999996	0
213	greedy	white	1	65	0.306974	0
213	greedy_trans	black	1	65	0.20298099999999994	0
214	greedy	white	1	100	0.47639500000000007	0
214	greedy_trans	black	1	100	0.3880139999999999	0
215	greedy	white	1	15	0.116059	-1
215	greedy_trans	black	1	15	0.096711	1
216	greedy	white	1	38	0.21665900000000002	0
216	greedy_trans	black	1	38	0.2927789999999999	0
217	greedy	white	1	84	0.32658200000000004	-1
217	greedy_trans	black	1	84	0.4249620000000002	1
218	greedy	white	1	22	0.21108000000000002	0
218	greedy_trans	black	1	22	0.102252	0
219	greedy	white	1	107	0.4600919999999999	0
219	greedy_trans	black	1	107	0.47902800000000006	0
220	greedy	white	1	64	0.513253	0
220	greedy_trans	black	1	64	0.24902799999999997	0
221	greedy	white	1	57	0.3675819999999999	0
221	greedy_trans	black	1	57	0.323724	0
222	greedy	white	1	77	0.523211	0
222	greedy_trans	black	1	77	0.2771450000000001	0
223	greedy	white	1	49	0.190686	-1
223	greedy_trans	black	1	49	0.34101	1
224	greedy	white	1	40	0.2703230000000001	0
224	greedy_trans	black	1	40	0.17602700000000004	0
225	greedy	white	1	33	0.19623100000000004	-1
225	greedy_trans	black	1	33	0.36320700000000006	1
226	greedy	white	1	64	0.3224460000000001	0
226	greedy_trans	black	1	64	0.338374	0
227	greedy	white	1	17	0.15417	-1
227	greedy_trans	black	1	17	0.18720799999999996	1
228	greedy	white	1	51	0.3269020000000002	0
228	greedy_trans	black	1	51	0.131294	0
229	greedy	white	1	40	0.23232000000000008	-1
229	greedy_trans	black	1	40	0.344962	1
230	greedy	white	1	23	0.214508	0
230	greedy_trans	black	1	23	0.137308	0
231	greedy	white	1	70	0.35555700000000007	0
231	greedy_trans	black	1	70	0.38033300000000003	0
232	greedy	white	1	45	0.23422899999999997	0
232	greedy_trans	black	1	45	0.27276700000000015	0
233	greedy	white	1	83	0.4131659999999998	0
233	greedy_trans	black	1	83	0.4888669999999999	0
234	greedy	white	1	59	0.31138499999999997	0
234	greedy_trans	black	1	59	0.26285600000000003	0
235	greedy	white	1	100	0.44820499999999996	0
235	greedy_trans	black	1	100	0.4899749999999999	0
236	greedy	white	1	26	0.200772	1
236	greedy_trans	black	1	26	0.20164500000000002	-1
237	greedy	white	1	54	0.26380700000000007	1
237	greedy_trans	black	1	54	0.18850200000000003	-1
238	greedy	white	1	63	0.28515500000000016	0
238	greedy_trans	black	1	63	0.37775599999999987	0
239	greedy	white	1	63	0.292531	0
239	greedy_trans	black	1	63	0.4078740000000001	0
240	greedy	white	1	142	0.45818600000000004	0
240	greedy_trans	black	1	142	0.6235619999999997	0
241	greedy	white	1	28	0.29051899999999997	0
241	greedy_trans	black	1	28	0.17154099999999994	0
242	greedy	white	1	56	0.3410569999999999	1
242	greedy_trans	black	1	56	0.26332400000000006	-1
243	greedy	white	1	52	0.3785149999999999	0
243	greedy_trans	black	1	52	0.370162	0
244	greedy	white	1	77	0.3292820000000001	1
244	greedy_trans	black	1	77	0.30385300000000004	-1
245	greedy	white	1	52	0.36216000000000004	1
245	greedy_trans	black	1	52	0.12189399999999999	-1
246	greedy	white	1	43	0.32461900000000005	1
246	greedy_trans	black	1	43	0.30829000000000006	-1
247	greedy	white	1	67	0.29219000000000006	0
247	greedy_trans	black	1	67	0.38137699999999997	0
248	greedy	white	1	46	0.229776	-1
248	greedy_trans	black	1	46	0.301507	1
249	greedy	white	1	39	0.19877300000000003	0
249	greedy_trans	black	1	39	0.361018	0
250	greedy	white	1	57	0.24181799999999998	0
250	greedy_trans	black	1	57	0.3292630000000001	0
251	greedy	white	1	35	0.32172200000000006	0
251	greedy_trans	black	1	35	0.16780400000000006	0
252	greedy	white	1	42	0.23642899999999997	0
252	greedy_trans	black	1	42	0.25464899999999996	0
253	greedy	white	1	35	0.26865900000000004	0
253	greedy_trans	black	1	35	0.21132799999999996	0
254	greedy	white	1	29	0.246594	1
254	greedy_trans	black	1	29	0.17453	-1
255	greedy	white	1	44	0.32405199999999995	0
255	greedy_trans	black	1	44	0.24898999999999996	0
256	greedy	white	1	52	0.372311	0
256	greedy_trans	black	1	52	0.3305740000000002	0
257	greedy	white	1	64	0.22279000000000004	0
257	greedy_trans	black	1	64	0.405141	0
258	greedy	white	1	55	0.355101	0
258	greedy_trans	black	1	55	0.3332470000000001	0
259	greedy	white	1	137	0.7528119999999997	1
259	greedy_trans	black	1	137	0.527124	-1
260	greedy	white	1	58	0.22605099999999995	0
260	greedy_trans	black	1	58	0.456307	0
261	greedy	white	1	62	0.37963499999999994	1
261	greedy_trans	black	1	62	0.31305499999999997	-1
262	greedy	white	1	69	0.33694	0
262	greedy_trans	black	1	69	0.26462800000000014	0
263	greedy	white	1	81	0.2404100000000001	0
263	greedy_trans	black	1	81	0.36375399999999986	0
264	greedy	white	1	53	0.2942939999999999	0
264	greedy_trans	black	1	53	0.34906599999999993	0
265	greedy	white	1	59	0.41232299999999994	0
265	greedy_trans	black	1	59	0.24314500000000003	0
266	greedy	white	1	54	0.4409570000000001	1
266	greedy_trans	black	1	54	0.2842599999999999	-1
267	greedy	white	1	65	0.31500699999999987	0
267	greedy_trans	black	1	65	0.26633700000000005	0
268	greedy	white	1	66	0.5260209999999998	0
268	greedy_trans	black	1	66	0.243304	0
269	greedy	white	1	81	0.503397	0
269	greedy_trans	black	1	81	0.3274650000000001	0
270	greedy	white	1	57	0.29157900000000014	-1
270	greedy_trans	black	1	57	0.35923399999999994	1
271	greedy	white	1	33	0.22619599999999998	1
271	greedy_trans	black	1	33	0.28546999999999995	-1
272	greedy	white	1	104	0.4518140000000003	0
272	greedy_trans	black	1	104	0.3645979999999999	0
273	greedy	white	1	32	0.22487800000000002	0
273	greedy_trans	black	1	32	0.22388200000000005	0
274	greedy	white	1	67	0.3554969999999999	1
274	greedy_trans	black	1	67	0.33384899999999995	-1
275	greedy	white	1	49	0.32204500000000014	0
275	greedy_trans	black	1	49	0.3070590000000001	0
276	greedy	white	1	49	0.4154679999999999	0
276	greedy_trans	black	1	49	0.20195700000000003	0
277	greedy	white	1	47	0.31713600000000003	1
277	greedy_trans	black	1	47	0.23693000000000003	-1
278	greedy	white	1	12	0.112416	1
278	greedy_trans	black	1	12	0.020478999999999994	-1
279	greedy	white	1	70	0.28638099999999983	0
279	greedy_trans	black	1	70	0.3229499999999999	0
280	greedy	white	1	15	0.13948400000000002	-1
280	greedy_trans	black	1	15	0.146418	1
281	greedy	white	1	48	0.27202300000000007	0
281	greedy_trans	black	1	48	0.267681	0
282	greedy	white	1	58	0.3646329999999999	0
282	greedy_trans	black	1	58	0.26705999999999996	0
283	greedy	white	1	57	0.2572250000000001	0
283	greedy_trans	black	1	57	0.4584859999999999	0
284	greedy	white	1	50	0.30740800000000007	0
284	greedy_trans	black	1	50	0.29468799999999995	0
285	greedy	white	1	120	0.4899579999999999	0
285	greedy_trans	black	1	120	0.3291209999999999	0
286	greedy	white	1	25	0.24491899999999997	1
286	greedy_trans	black	1	25	0.09304200000000001	-1
287	greedy	white	1	110	0.399979	0
287	greedy_trans	black	1	110	0.4977610000000001	0
288	greedy	white	1	65	0.41292400000000024	-1
288	greedy_trans	black	1	65	0.26884199999999997	1
289	greedy	white	1	35	0.27032	0
289	greedy_trans	black	1	35	0.19015900000000005	0
290	greedy	white	1	54	0.26827999999999996	1
290	greedy_trans	black	1	54	0.28974099999999997	-1
291	greedy	white	1	55	0.41361700000000007	0
291	greedy_trans	black	1	55	0.25484	0
292	greedy	white	1	25	0.15278999999999993	-1
292	greedy_trans	black	1	25	0.25223400000000007	1
293	greedy	white	1	72	0.38507800000000003	0
293	greedy_trans	black	1	72	0.34947299999999987	0
294	greedy	white	1	35	0.2087370000000001	0
294	greedy_trans	black	1	35	0.30122999999999994	0
295	greedy	white	1	43	0.26117300000000004	1
295	greedy_trans	black	1	43	0.3694630000000001	-1
296	greedy	white	1	43	0.299049	0
296	greedy_trans	black	1	43	0.23626499999999998	0
297	greedy	white	1	88	0.389476	0
297	greedy_trans	black	1	88	0.30335000000000006	0
298	greedy	white	1	64	0.41523500000000024	1
298	greedy_trans	black	1	64	0.1985390000000001	-1
299	greedy	white	1	56	0.346316	0
299	greedy_trans	black	1	56	0.314538	0
