game_number	agent_type	agent_color	agent_depth	agent_num_moves	agent_decision_time	game_result
0	greedy	white	1	45	0.3373070000000001	1
0	greedy_trans	black	1	45	0.206583	-1
1	greedy	white	1	50	0.280837	0
1	greedy_trans	black	1	50	0.287341	0
2	greedy	white	1	23	0.22228799999999996	0
2	greedy_trans	black	1	23	0.12016499999999997	0
3	greedy	white	1	36	0.249227	0
3	greedy_trans	black	1	36	0.235394	0
4	greedy	white	1	10	0.09638599999999999	-1
4	greedy_trans	black	1	10	0.110425	1
5	greedy	white	1	77	0.370702	0
5	greedy_trans	black	1	77	0.4045730000000001	0
6	greedy	white	1	8	0.068344	1
6	greedy_trans	black	1	8	0.040666	-1
7	greedy	white	1	40	0.3117470000000001	0
7	greedy_trans	black	1	40	0.23151200000000002	0
8	greedy	white	1	85	0.749406	0
8	greedy_trans	black	1	85	0.28909500000000005	0
9	greedy	white	1	27	0.244453	1
9	greedy_trans	black	1	27	0.20759999999999995	-1
10	greedy	white	1	67	0.41797499999999976	0
10	greedy_trans	black	1	67	0.2101570000000001	0
11	greedy	white	1	67	0.46321900000000005	0
11	greedy_trans	black	1	67	0.32847000000000004	0
12	greedy	white	1	61	0.28284499999999996	0
12	greedy_trans	black	1	61	0.5000499999999998	0
13	greedy	white	1	19	0.169233	-1
13	greedy_trans	black	1	19	0.17278500000000002	1
14	greedy	white	1	49	0.277494	1
14	greedy_trans	black	1	49	0.20421400000000003	-1
15	greedy	white	1	78	0.3136040000000001	0
15	greedy_trans	black	1	78	0.49495299999999975	0
16	greedy	white	1	35	0.18997699999999995	0
16	greedy_trans	black	1	35	0.318213	0
17	greedy	white	1	42	0.28393199999999985	0
17	greedy_trans	black	1	42	0.2936810000000001	0
18	greedy	white	1	34	0.2975200000000001	0
18	greedy_trans	black	1	34	0.151667	0
19	greedy	white	1	41	0.37642099999999995	0
19	greedy_trans	black	1	41	0.101552	0
20	greedy	white	1	110	0.47296800000000017	0
20	greedy_trans	black	1	110	0.412961	0
21	greedy	white	1	51	0.486097	0
21	greedy_trans	black	1	51	0.19462899999999994	0
22	greedy	white	1	73	0.2887259999999998	0
22	greedy_trans	black	1	73	0.3353470000000001	0
23	greedy	white	1	40	0.267026	-1
23	greedy_trans	black	1	40	0.30439	1
24	greedy	white	1	69	0.351933	1
24	greedy_trans	black	1	69	0.3036169999999999	-1
25	greedy	white	1	40	0.30353399999999997	0
25	greedy_trans	black	1	40	0.289596	0
26	greedy	white	1	26	0.228935	1
26	greedy_trans	black	1	26	0.13279	-1
27	greedy	white	1	59	0.287489	0
27	greedy_trans	black	1	59	0.2634350000000001	0
28	greedy	white	1	60	0.3514960000000001	0
28	greedy_trans	black	1	60	0.23882299999999998	0
29	greedy	white	1	110	0.5229460000000001	0
29	greedy_trans	black	1	110	0.31795999999999985	0
30	greedy	white	1	43	0.21574599999999997	1
30	greedy_trans	black	1	43	0.2910090000000001	-1
31	greedy	white	1	55	0.2598770000000001	0
31	greedy_trans	black	1	55	0.3039189999999999	0
32	greedy	white	1	49	0.323442	0
32	greedy_trans	black	1	49	0.218821	0
33	greedy	white	1	15	0.04788699999999999	0
33	greedy_trans	black	1	15	0.11914999999999999	0
34	greedy	white	1	27	0.207163	-1
34	greedy_trans	black	1	27	0.24946199999999996	1
35	greedy	white	1	61	0.371763	1
35	greedy_trans	black	1	61	0.16520900000000005	-1
36	greedy	white	1	91	0.48198200000000013	0
36	greedy_trans	black	1	91	0.3555409999999999	0
37	greedy	white	1	57	0.34581699999999976	0
37	greedy_trans	black	1	57	0.25244799999999995	0
38	greedy	white	1	55	0.37850799999999996	0
38	greedy_trans	black	1	55	0.34834000000000004	0
39	greedy	white	1	35	0.18780200000000002	0
39	greedy_trans	black	1	35	0.3115300000000001	0
40	greedy	white	1	84	0.41248199999999985	0
40	greedy_trans	black	1	84	0.25986200000000004	0
41	greedy	white	1	7	0.05014	1
41	greedy_trans	black	1	7	0.03970799999999999	-1
42	greedy	white	1	64	0.5026039999999999	1
42	greedy_trans	black	1	64	0.28959100000000004	-1
43	greedy	white	1	104	0.49614100000000017	0
43	greedy_trans	black	1	104	0.3384349999999998	0
44	greedy	white	1	62	0.358404	0
44	greedy_trans	black	1	62	0.251263	0
45	greedy	white	1	33	0.149698	0
45	greedy_trans	black	1	33	0.255958	0
46	greedy	white	1	34	0.19357300000000002	0
46	greedy_trans	black	1	34	0.25119199999999997	0
47	greedy	white	1	46	0.24700499999999997	0
47	greedy_trans	black	1	46	0.28636999999999996	0
48	greedy	white	1	61	0.356427	0
48	greedy_trans	black	1	61	0.31728400000000007	0
49	greedy	white	1	68	0.376453	0
49	greedy_trans	black	1	68	0.32141	0
50	greedy	white	1	38	0.196195	0
50	greedy_trans	black	1	38	0.31570599999999993	0
51	greedy	white	1	40	0.40877600000000003	0
51	greedy_trans	black	1	40	0.17784400000000003	0
52	greedy	white	1	63	0.37728	0
52	greedy_trans	black	1	63	0.447209	0
53	greedy	white	1	96	0.3596859999999999	0
53	greedy_trans	black	1	96	0.5719210000000001	0
54	greedy	white	1	57	0.30199400000000004	0
54	greedy_trans	black	1	57	0.28500200000000003	0
55	greedy	white	1	55	0.2908689999999999	1
55	greedy_trans	black	1	55	0.25314100000000006	-1
56	greedy	white	1	33	0.249714	0
56	greedy_trans	black	1	33	0.166396	0
57	greedy	white	1	18	0.18520899999999998	1
57	greedy_trans	black	1	18	0.10027499999999999	-1
58	greedy	white	1	85	0.5647440000000001	1
58	greedy_trans	black	1	85	0.46810199999999985	-1
59	greedy	white	1	32	0.272117	1
59	greedy_trans	black	1	32	0.15996100000000002	-1
60	greedy	white	1	71	0.31692300000000007	0
60	greedy_trans	black	1	71	0.41540699999999997	0
61	greedy	white	1	70	0.31710599999999994	0
61	greedy_trans	black	1	70	0.277368	0
62	greedy	white	1	84	0.5254939999999999	-1
62	greedy_trans	black	1	84	0.3087390000000001	1
63	greedy	white	1	58	0.2958829999999999	1
63	greedy_trans	black	1	58	0.36449199999999987	-1
64	greedy	white	1	41	0.21303299999999997	1
64	greedy_trans	black	1	41	0.22661099999999995	-1
65	greedy	white	1	63	0.361412	1
65	greedy_trans	black	1	63	0.246216	-1
66	greedy	white	1	17	0.11701699999999998	-1
66	greedy_trans	black	1	17	0.119601	1
67	greedy	white	1	50	0.2969980000000001	0
67	greedy_trans	black	1	50	0.24064000000000008	0
68	greedy	white	1	49	0.37821400000000005	1
68	greedy_trans	black	1	49	0.225783	-1
69	greedy	white	1	113	0.550862	0
69	greedy_trans	black	1	113	0.35347900000000015	0
70	greedy	white	1	26	0.263226	1
70	greedy_trans	black	1	26	0.167955	-1
71	greedy	white	1	56	0.3639029999999999	1
71	greedy_trans	black	1	56	0.24598400000000006	-1
72	greedy	white	1	32	0.150749	0
72	greedy_trans	black	1	32	0.32482900000000003	0
73	greedy	white	1	36	0.22688500000000003	0
73	greedy_trans	black	1	36	0.350893	0
74	greedy	white	1	51	0.373233	0
74	greedy_trans	black	1	51	0.2366990000000001	0
75	greedy	white	1	67	0.3914159999999999	0
75	greedy_trans	black	1	67	0.3107879999999999	0
76	greedy	white	1	80	0.31154399999999993	0
76	greedy_trans	black	1	80	0.343823	0
77	greedy	white	1	43	0.282508	1
77	greedy_trans	black	1	43	0.22381800000000004	-1
78	greedy	white	1	26	0.167999	-1
78	greedy_trans	black	1	26	0.22691499999999998	1
79	greedy	white	1	82	0.43176099999999995	0
79	greedy_trans	black	1	82	0.32098299999999996	0
80	greedy	white	1	59	0.25625300000000006	0
80	greedy_trans	black	1	59	0.3054490000000001	0
81	greedy	white	1	15	0.088537	-1
81	greedy_trans	black	1	15	0.158141	1
82	greedy	white	1	30	0.19058300000000006	-1
82	greedy_trans	black	1	30	0.170912	1
83	greedy	white	1	53	0.2846979999999999	0
83	greedy_trans	black	1	53	0.233954	0
84	greedy	white	1	43	0.401519	0
84	greedy_trans	black	1	43	0.13870800000000003	0
85	greedy	white	1	54	0.2137109999999999	0
85	greedy_trans	black	1	54	0.214283	0
86	greedy	white	1	49	0.32411499999999993	1
86	greedy_trans	black	1	49	0.24365299999999993	-1
87	greedy	white	1	26	0.22127099999999997	1
87	greedy_trans	black	1	26	0.191676	-1
88	greedy	white	1	74	0.5285539999999997	1
88	greedy_trans	black	1	74	0.329088	-1
89	greedy	white	1	89	0.33974000000000004	1
89	greedy_trans	black	1	89	0.41269599999999984	-1
90	greedy	white	1	54	0.32297399999999993	0
90	greedy_trans	black	1	54	0.29184499999999997	0
91	greedy	white	1	44	0.242434	-1
91	greedy_trans	black	1	44	0.17849700000000002	1
92	greedy	white	1	16	0.14638699999999996	1
92	greedy_trans	black	1	16	0.11668000000000002	-1
93	greedy	white	1	69	0.24251699999999998	0
93	greedy_trans	black	1	69	0.5084950000000003	0
94	greedy	white	1	43	0.30631	0
94	greedy_trans	black	1	43	0.3075489999999999	0
95	greedy	white	1	46	0.24613800000000002	0
95	greedy_trans	black	1	46	0.25713800000000003	0
96	greedy	white	1	127	0.5249519999999998	0
96	greedy_trans	black	1	127	0.3561329999999999	0
97	greedy	white	1	62	0.3087379999999999	0
97	greedy_trans	black	1	62	0.27368599999999993	0
98	greedy	white	1	36	0.2560029999999999	1
98	greedy_trans	black	1	36	0.2828949999999999	-1
99	greedy	white	1	56	0.37230199999999997	0
99	greedy_trans	black	1	56	0.21389300000000003	0
100	greedy	white	1	70	0.37263599999999997	0
100	greedy_trans	black	1	70	0.383943	0
101	greedy	white	1	76	0.35660699999999995	0
101	greedy_trans	black	1	76	0.31187	0
102	greedy	white	1	105	0.34997200000000006	-1
102	greedy_trans	black	1	105	0.3707899999999998	1
103	greedy	white	1	10	0.08273700000000002	1
103	greedy_trans	black	1	10	0.044011	-1
104	greedy	white	1	54	0.44884900000000016	0
104	greedy_trans	black	1	54	0.23887999999999995	0
105	greedy	white	1	39	0.333719	0
105	greedy_trans	black	1	39	0.21649100000000002	0
106	greedy	white	1	38	0.28536	0
106	greedy_trans	black	1	38	0.186048	0
107	greedy	white	1	60	0.25463700000000006	-1
107	greedy_trans	black	1	60	0.410468	1
108	greedy	white	1	52	0.25548400000000004	0
108	greedy_trans	black	1	52	0.23817499999999994	0
109	greedy	white	1	47	0.24348400000000003	-1
109	greedy_trans	black	1	47	0.3693169999999999	1
110	greedy	white	1	57	0.24814000000000005	0
110	greedy_trans	black	1	57	0.30184000000000005	0
111	greedy	white	1	53	0.307468	1
111	greedy_trans	black	1	53	0.31915699999999997	-1
112	greedy	white	1	40	0.23962799999999998	0
112	greedy_trans	black	1	40	0.26361000000000007	0
113	greedy	white	1	72	0.33422599999999997	1
113	greedy_trans	black	1	72	0.281989	-1
114	greedy	white	1	8	0.051490999999999995	1
114	greedy_trans	black	1	8	0.057375	-1
115	greedy	white	1	39	0.204328	0
115	greedy_trans	black	1	39	0.40557999999999994	0
116	greedy	white	1	62	0.29942399999999997	-1
116	greedy_trans	black	1	62	0.38737699999999997	1
117	greedy	white	1	190	0.9551499999999998	0
117	greedy_trans	black	1	190	0.6219329999999995	0
118	greedy	white	1	33	0.31016599999999983	1
118	greedy_trans	black	1	33	0.11243399999999998	-1
119	greedy	white	1	84	0.39533500000000005	0
119	greedy_trans	black	1	84	0.2987779999999999	0
120	greedy	white	1	83	0.3995289999999998	0
120	greedy_trans	black	1	83	0.3525960000000002	0
121	greedy	white	1	27	0.194294	0
121	greedy_trans	black	1	27	0.17580400000000002	0
122	greedy	white	1	88	0.3713519999999999	0
122	greedy_trans	black	1	88	0.3991530000000001	0
123	greedy	white	1	56	0.273139	0
123	greedy_trans	black	1	56	0.3519889999999999	0
124	greedy	white	1	70	0.29587499999999994	0
124	greedy_trans	black	1	70	0.51674	0
125	greedy	white	1	70	0.350321	0
125	greedy_trans	black	1	70	0.3747229999999998	0
126	greedy	white	1	5	0.042254	-1
126	greedy_trans	black	1	5	0.01139	1
127	greedy	white	1	61	0.3543400000000001	0
127	greedy_trans	black	1	61	0.126352	0
128	greedy	white	1	45	0.382628	1
128	greedy_trans	black	1	45	0.179663	-1
129	greedy	white	1	81	0.44922500000000026	0
129	greedy_trans	black	1	81	0.27048299999999986	0
130	greedy	white	1	28	0.19503899999999996	0
130	greedy_trans	black	1	28	0.236542	0
131	greedy	white	1	63	0.4227069999999999	0
131	greedy_trans	black	1	63	0.3068060000000001	0
132	greedy	white	1	68	0.2591120000000001	0
132	greedy_trans	black	1	68	0.5664739999999997	0
133	greedy	white	1	56	0.31678599999999996	0
133	greedy_trans	black	1	56	0.3393749999999999	0
134	greedy	white	1	19	0.10417199999999997	0
134	greedy_trans	black	1	19	0.11855099999999999	0
135	greedy	white	1	39	0.3270580000000001	1
135	greedy_trans	black	1	39	0.170152	-1
136	greedy	white	1	50	0.362479	0
136	greedy_trans	black	1	50	0.27266100000000004	0
137	greedy	white	1	46	0.4750430000000001	0
137	greedy_trans	black	1	46	0.20275700000000002	0
138	greedy	white	1	52	0.3187079999999999	0
138	greedy_trans	black	1	52	0.314305	0
139	greedy	white	1	26	0.23761200000000005	-1
139	greedy_trans	black	1	26	0.23694900000000002	1
140	greedy	white	1	48	0.2856750000000002	0
140	greedy_trans	black	1	48	0.334285	0
141	greedy	white	1	75	0.33192999999999984	0
141	greedy_trans	black	1	75	0.2720220000000001	0
142	greedy	white	1	19	0.152261	-1
142	greedy_trans	black	1	19	0.211929	1
143	greedy	white	1	102	0.36857000000000023	0
143	greedy_trans	black	1	102	0.4441990000000002	0
144	greedy	white	1	46	0.22964699999999993	0
144	greedy_trans	black	1	46	0.25012299999999993	0
145	greedy	white	1	6	0.053942000000000004	-1
145	greedy_trans	black	1	6	0.056378000000000004	1
146	greedy	white	1	83	0.5033709999999997	0
146	greedy_trans	black	1	83	0.37353100000000006	0
147	greedy	white	1	47	0.263079	0
147	greedy_trans	black	1	47	0.3158000000000001	0
148	greedy	white	1	16	0.164269	1
148	greedy_trans	black	1	16	0.14731399999999997	-1
149	greedy	white	1	84	0.28109500000000004	0
149	greedy_trans	black	1	84	0.44435600000000014	0
150	greedy	white	1	66	0.31841099999999994	0
150	greedy_trans	black	1	66	0.33526599999999995	0
151	greedy	white	1	62	0.22131900000000002	0
151	greedy_trans	black	1	62	0.4969740000000001	0
152	greedy	white	1	27	0.18064399999999994	-1
152	greedy_trans	black	1	27	0.17527999999999996	1
153	greedy	white	1	54	0.4042380000000001	0
153	greedy_trans	black	1	54	0.26838200000000006	0
154	greedy	white	1	78	0.422549	0
154	greedy_trans	black	1	78	0.35020300000000015	0
155	greedy	white	1	123	0.5052959999999999	0
155	greedy_trans	black	1	123	0.5102009999999998	0
156	greedy	white	1	82	0.32296100000000005	0
156	greedy_trans	black	1	82	0.5615060000000002	0
157	greedy	white	1	8	0.056037	1
157	greedy_trans	black	1	8	0.042383000000000004	-1
158	greedy	white	1	18	0.08212	0
158	greedy_trans	black	1	18	0.110781	0
159	greedy	white	1	63	0.3677040000000001	0
159	greedy_trans	black	1	63	0.38701599999999997	0
160	greedy	white	1	51	0.39629100000000006	0
160	greedy_trans	black	1	51	0.24355999999999997	0
161	greedy	white	1	51	0.2690740000000001	1
161	greedy_trans	black	1	51	0.28035000000000004	-1
162	greedy	white	1	26	0.26503	1
162	greedy_trans	black	1	26	0.228065	-1
163	greedy	white	1	100	0.49796399999999985	0
163	greedy_trans	black	1	100	0.4051659999999999	0
164	greedy	white	1	47	0.25306699999999993	1
164	greedy_trans	black	1	47	0.29073599999999994	-1
165	greedy	white	1	12	0.11874900000000001	1
165	greedy_trans	black	1	12	0.075281	-1
166	greedy	white	1	48	0.29544400000000004	1
166	greedy_trans	black	1	48	0.12888399999999997	-1
167	greedy	white	1	43	0.3919620000000001	1
167	greedy_trans	black	1	43	0.10962500000000003	-1
168	greedy	white	1	70	0.345561	0
168	greedy_trans	black	1	70	0.399044	0
169	greedy	white	1	48	0.38519999999999993	1
169	greedy_trans	black	1	48	0.19421100000000002	-1
170	greedy	white	1	48	0.239931	0
170	greedy_trans	black	1	48	0.22829899999999995	0
171	greedy	white	1	24	0.24256400000000003	1
171	greedy_trans	black	1	24	0.14809699999999998	-1
172	greedy	white	1	58	0.32220699999999997	0
172	greedy_trans	black	1	58	0.3134619999999999	0
173	greedy	white	1	67	0.263838	0
173	greedy_trans	black	1	67	0.4779909999999999	0
174	greedy	white	1	55	0.32926099999999997	0
174	greedy_trans	black	1	55	0.20733199999999996	0
175	greedy	white	1	84	0.419449	0
175	greedy_trans	black	1	84	0.31258300000000017	0
176	greedy	white	1	61	0.34564100000000003	0
176	greedy_trans	black	1	61	0.32621400000000017	0
177	greedy	white	1	39	0.277603	0
177	greedy_trans	black	1	39	0.19182800000000003	0
178	greedy	white	1	46	0.34226200000000007	0
178	greedy_trans	black	1	46	0.22745599999999996	0
179	greedy	white	1	71	0.3777879999999999	0
179	greedy_trans	black	1	71	0.37445700000000004	0
180	greedy	white	1	69	0.36121899999999996	0
180	greedy_trans	black	1	69	0.5022490000000001	0
181	greedy	white	1	100	0.33306199999999997	-1
181	greedy_trans	black	1	100	0.5877519999999998	1
182	greedy	white	1	72	0.38234	0
182	greedy_trans	black	1	72	0.25181099999999995	0
183	greedy	white	1	92	0.38938899999999993	0
183	greedy_trans	black	1	92	0.4546530000000003	0
184	greedy	white	1	37	0.28910100000000005	0
184	greedy_trans	black	1	37	0.189075	0
185	greedy	white	1	77	0.33691400000000005	0
185	greedy_trans	black	1	77	0.3726149999999999	0
186	greedy	white	1	25	0.136426	0
186	greedy_trans	black	1	25	0.181966	0
187	greedy	white	1	33	0.297376	1
187	greedy_trans	black	1	33	0.19598300000000002	-1
188	greedy	white	1	65	0.25498000000000004	1
188	greedy_trans	black	1	65	0.371022	-1
189	greedy	white	1	46	0.17531200000000002	0
189	greedy_trans	black	1	46	0.4165340000000002	0
190	greedy	white	1	29	0.25949600000000006	1
190	greedy_trans	black	1	29	0.11758199999999999	-1
191	greedy	white	1	39	0.27062600000000014	0
191	greedy_trans	black	1	39	0.22259200000000012	0
192	greedy	white	1	52	0.19029600000000002	0
192	greedy_trans	black	1	52	0.37687800000000016	0
193	greedy	white	1	29	0.20423899999999998	-1
193	greedy_trans	black	1	29	0.27779600000000004	1
194	greedy	white	1	110	0.4053239999999999	0
194	greedy_trans	black	1	110	0.438994	0
195	greedy	white	1	71	0.4653490000000002	0
195	greedy_trans	black	1	71	0.25428100000000003	0
196	greedy	white	1	151	0.7741029999999999	0
196	greedy_trans	black	1	151	0.48319799999999974	0
197	greedy	white	1	45	0.334701	1
197	greedy_trans	black	1	45	0.259372	-1
198	greedy	white	1	23	0.11435400000000001	-1
198	greedy_trans	black	1	23	0.244033	1
199	greedy	white	1	70	0.4364200000000002	0
199	greedy_trans	black	1	70	0.274627	0
200	greedy	white	1	17	0.14495300000000003	1
200	greedy_trans	black	1	17	0.118928	-1
201	greedy	white	1	55	0.298943	0
201	greedy_trans	black	1	55	0.3964529999999999	0
202	greedy	white	1	93	0.4595020000000001	0
202	greedy_trans	black	1	93	0.23223799999999994	0
203	greedy	white	1	57	0.32901500000000006	0
203	greedy_trans	black	1	57	0.2810020000000001	0
204	greedy	white	1	31	0.20518099999999997	1
204	greedy_trans	black	1	31	0.25080899999999995	-1
205	greedy	white	1	7	0.05131499999999999	-1
205	greedy_trans	black	1	7	0.06313400000000001	1
206	greedy	white	1	78	0.502259	0
206	greedy_trans	black	1	78	0.41195699999999985	0
207	greedy	white	1	49	0.263164	0
207	greedy_trans	black	1	49	0.4140330000000001	0
208	greedy	white	1	70	0.3382349999999999	0
208	greedy_trans	black	1	70	0.4568949999999999	0
209	greedy	white	1	30	0.16030700000000003	-1
209	greedy_trans	black	1	30	0.22602	1
210	greedy	white	1	45	0.29823499999999986	0
210	greedy_trans	black	1	45	0.18923099999999998	0
211	greedy	white	1	20	0.065581	0
211	greedy_trans	black	1	20	0.15725799999999998	0
212	greedy	white	1	53	0.22696999999999998	0
212	greedy_trans	black	1	53	0.30769500000000016	0
213	greedy	white	1	65	0.33818899999999996	0
213	greedy_trans	black	1	65	0.260194	0
214	greedy	white	1	54	0.2812659999999999	0
214	greedy_trans	black	1	54	0.290982	0
215	greedy	white	1	72	0.4507550000000002	0
215	greedy_trans	black	1	72	0.2803340000000001	0
216	greedy	white	1	72	0.32698099999999986	-1
216	greedy_trans	black	1	72	0.37635	1
217	greedy	white	1	116	0.33835400000000004	0
217	greedy_trans	black	1	116	0.45635699999999985	0
218	greedy	white	1	29	0.22673600000000002	-1
218	greedy_trans	black	1	29	0.242165	1
219	greedy	white	1	56	0.2476929999999999	0
219	greedy_trans	black	1	56	0.35841699999999993	0
220	greedy	white	1	40	0.25490499999999994	0
220	greedy_trans	black	1	40	0.2907160000000001	0
221	greedy	white	1	5	0.04554100000000001	-1
221	greedy_trans	black	1	5	0.043397	1
222	greedy	white	1	80	0.2899989999999999	0
222	greedy_trans	black	1	80	0.33917899999999995	0
223	greedy	white	1	39	0.24427099999999996	0
223	greedy_trans	black	1	39	0.238378	0
224	greedy	white	1	78	0.261043	0
224	greedy_trans	black	1	78	0.6508759999999998	0
225	greedy	white	1	37	0.281276	1
225	greedy_trans	black	1	37	0.258206	-1
226	greedy	white	1	106	0.49091099999999993	0
226	greedy_trans	black	1	106	0.33353	0
227	greedy	white	1	65	0.31720300000000007	0
227	greedy_trans	black	1	65	0.28372099999999983	0
228	greedy	white	1	33	0.309537	0
228	greedy_trans	black	1	33	0.2008319999999999	0
229	greedy	white	1	84	0.4334029999999999	0
229	greedy_trans	black	1	84	0.42160700000000007	0
230	greedy	white	1	14	0.09754299999999999	-1
230	greedy_trans	black	1	14	0.133762	1
231	greedy	white	1	40	0.3644470000000001	1
231	greedy_trans	black	1	40	0.16708699999999999	-1
232	greedy	white	1	67	0.30182600000000004	-1
232	greedy_trans	black	1	67	0.37197	1
233	greedy	white	1	59	0.27283899999999994	0
233	greedy_trans	black	1	59	0.4470810000000001	0
234	greedy	white	1	52	0.17870599999999995	0
234	greedy_trans	black	1	52	0.37116400000000005	0
235	greedy	white	1	19	0.192883	1
235	greedy_trans	black	1	19	0.09911700000000001	-1
236	greedy	white	1	40	0.28313299999999997	0
236	greedy_trans	black	1	40	0.21682800000000008	0
237	greedy	white	1	28	0.209469	0
237	greedy_trans	black	1	28	0.12737800000000005	0
238	greedy	white	1	93	0.333752	0
238	greedy_trans	black	1	93	0.5926920000000002	0
239	greedy	white	1	71	0.4327189999999997	0
239	greedy_trans	black	1	71	0.34586200000000006	0
240	greedy	white	1	61	0.3047330000000001	0
240	greedy_trans	black	1	61	0.3972420000000002	0
241	greedy	white	1	82	0.32383699999999993	0
241	greedy_trans	black	1	82	0.5285060000000001	0
242	greedy	white	1	31	0.26411300000000004	-1
242	greedy_trans	black	1	31	0.36603900000000006	1
243	greedy	white	1	34	0.188516	-1
243	greedy_trans	black	1	34	0.285851	1
244	greedy	white	1	30	0.262634	0
244	greedy_trans	black	1	30	0.16455299999999995	0
245	greedy	white	1	73	0.35301800000000005	0
245	greedy_trans	black	1	73	0.414476	0
246	greedy	white	1	24	0.29451600000000006	0
246	greedy_trans	black	1	24	0.093533	0
247	greedy	white	1	38	0.2873269999999999	1
247	greedy_trans	black	1	38	0.188117	-1
248	greedy	white	1	93	0.3238460000000001	0
248	greedy_trans	black	1	93	0.3188259999999998	0
249	greedy	white	1	37	0.34864999999999996	0
249	greedy_trans	black	1	37	0.125057	0
250	greedy	white	1	84	0.5446909999999999	0
250	greedy_trans	black	1	84	0.34156700000000007	0
251	greedy	white	1	40	0.181125	0
251	greedy_trans	black	1	40	0.193804	0
252	greedy	white	1	44	0.28706899999999996	0
252	greedy_trans	black	1	44	0.37063100000000004	0
253	greedy	white	1	38	0.3119140000000001	1
253	greedy_trans	black	1	38	0.23056699999999994	-1
254	greedy	white	1	34	0.284865	0
254	greedy_trans	black	1	34	0.22693300000000005	0
255	greedy	white	1	29	0.13173500000000002	0
255	greedy_trans	black	1	29	0.17989200000000005	0
256	greedy	white	1	38	0.40203699999999987	0
256	greedy_trans	black	1	38	0.10476699999999996	0
257	greedy	white	1	78	0.2790010000000001	0
257	greedy_trans	black	1	78	0.312899	0
258	greedy	white	1	11	0.08219299999999999	-1
258	greedy_trans	black	1	11	0.115448	1
259	greedy	white	1	53	0.44068	0
259	greedy_trans	black	1	53	0.22170399999999998	0
260	greedy	white	1	48	0.27285599999999993	0
260	greedy_trans	black	1	48	0.433728	0
261	greedy	white	1	58	0.486459	0
261	greedy_trans	black	1	58	0.281111	0
262	greedy	white	1	65	0.259399	0
262	greedy_trans	black	1	65	0.415511	0
263	greedy	white	1	7	0.043175	1
263	greedy_trans	black	1	7	0.047448	-1
264	greedy	white	1	84	0.3898659999999998	0
264	greedy_trans	black	1	84	0.4143599999999999	0
265	greedy	white	1	66	0.43549299999999996	0
265	greedy_trans	black	1	66	0.2837859999999999	0
266	greedy	white	1	61	0.33365799999999995	0
266	greedy_trans	black	1	61	0.272081	0
267	greedy	white	1	116	0.6411420000000001	0
267	greedy_trans	black	1	116	0.25542200000000004	0
268	greedy	white	1	84	0.606074	0
268	greedy_trans	black	1	84	0.3424380000000001	0
269	greedy	white	1	56	0.3175940000000001	0
269	greedy_trans	black	1	56	0.24853999999999998	0
270	greedy	white	1	64	0.31163199999999985	0
270	greedy_trans	black	1	64	0.34252500000000013	0
271	greedy	white	1	90	0.44372300000000003	1
271	greedy_trans	black	1	90	0.3660689999999999	-1
272	greedy	white	1	72	0.26894999999999986	0
272	greedy_trans	black	1	72	0.3936820000000001	0
273	greedy	white	1	25	0.183293	-1
273	greedy_trans	black	1	25	0.24812599999999999	1
274	greedy	white	1	134	0.5237160000000003	0
274	greedy_trans	black	1	134	0.32668899999999984	0
275	greedy	white	1	66	0.27730699999999997	0
275	greedy_trans	black	1	66	0.26280099999999995	0
276	greedy	white	1	40	0.269162	-1
276	greedy_trans	black	1	40	0.34654799999999986	1
277	greedy	white	1	51	0.286547	0
277	greedy_trans	black	1	51	0.36657700000000004	0
278	greedy	white	1	47	0.4145210000000001	1
278	greedy_trans	black	1	47	0.22594800000000004	-1
279	greedy	white	1	85	0.3871280000000001	0
279	greedy_trans	black	1	85	0.3336169999999998	0
280	greedy	white	1	17	0.05267500000000001	0
280	greedy_trans	black	1	17	0.13164900000000002	0
281	greedy	white	1	30	0.25985800000000003	0
281	greedy_trans	black	1	30	0.08615499999999997	0
282	greedy	white	1	57	0.2355739999999999	1
282	greedy_trans	black	1	57	0.23236900000000002	-1
283	greedy	white	1	94	0.4320389999999999	0
283	greedy_trans	black	1	94	0.38794399999999996	0
284	greedy	white	1	61	0.34976599999999997	1
284	greedy_trans	black	1	61	0.27111400000000013	-1
285	greedy	white	1	71	0.41896800000000006	0
285	greedy_trans	black	1	71	0.20392899999999997	0
286	greedy	white	1	44	0.34822500000000006	0
286	greedy_trans	black	1	44	0.1767770000000001	0
287	greedy	white	1	93	0.2955970000000001	0
287	greedy_trans	black	1	93	0.518713	0
288	greedy	white	1	45	0.3098099999999999	0
288	greedy_trans	black	1	45	0.337999	0
289	greedy	white	1	19	0.17692200000000002	-1
289	greedy_trans	black	1	19	0.032843	1
290	greedy	white	1	52	0.28108000000000005	0
290	greedy_trans	black	1	52	0.331435	0
291	greedy	white	1	93	0.48126899999999984	0
291	greedy_trans	black	1	93	0.4220150000000001	0
292	greedy	white	1	129	0.4273009999999999	1
292	greedy_trans	black	1	129	0.526342	-1
293	greedy	white	1	64	0.275286	0
293	greedy_trans	black	1	64	0.24972000000000008	0
294	greedy	white	1	48	0.29308799999999996	1
294	greedy_trans	black	1	48	0.20021299999999997	-1
295	greedy	white	1	36	0.263962	-1
295	greedy_trans	black	1	36	0.301888	1
296	greedy	white	1	61	0.26558200000000004	0
296	greedy_trans	black	1	61	0.37949699999999986	0
297	greedy	white	1	35	0.24540199999999993	0
297	greedy_trans	black	1	35	0.275959	0
298	greedy	white	1	21	0.15989999999999996	-1
298	greedy_trans	black	1	21	0.19073899999999996	1
299	greedy	white	1	26	0.13855800000000001	0
299	greedy_trans	black	1	26	0.191375	0
