game_number	agent_type	agent_color	agent_depth	agent_num_moves	agent_decision_time	game_result
0	greedy	white	1	60	0.346079	0
0	greedy_trans	black	1	60	0.24266999999999994	0
1	greedy	white	1	42	0.24938400000000002	0
1	greedy_trans	black	1	42	0.307054	0
2	greedy	white	1	65	0.23703599999999994	-1
2	greedy_trans	black	1	65	0.3164969999999999	1
3	greedy	white	1	71	0.559891	0
3	greedy_trans	black	1	71	0.2610429999999999	0
4	greedy	white	1	107	0.4251109999999997	0
4	greedy_trans	black	1	107	0.3952900000000002	0
5	greedy	white	1	53	0.28497000000000006	0
5	greedy_trans	black	1	53	0.31371000000000004	0
6	greedy	white	1	12	0.062959	-1
6	greedy_trans	black	1	12	0.134001	1
7	greedy	white	1	65	0.45483599999999985	0
7	greedy_trans	black	1	65	0.24996200000000016	0
8	greedy	white	1	47	0.420358	0
8	greedy_trans	black	1	47	0.217572	0
9	greedy	white	1	51	0.3009999999999999	0
9	greedy_trans	black	1	51	0.366884	0
10	greedy	white	1	54	0.283686	0
10	greedy_trans	black	1	54	0.3079970000000001	0
11	greedy	white	1	24	0.127492	0
11	greedy_trans	black	1	24	0.215265	0
12	greedy	white	1	111	0.4355639999999999	0
12	greedy_trans	black	1	111	0.5528759999999999	0
13	greedy	white	1	39	0.28754399999999997	0
13	greedy_trans	black	1	39	0.20302999999999996	0
14	greedy	white	1	80	0.3695820000000001	0
14	greedy_trans	black	1	80	0.24719100000000005	0
15	greedy	white	1	16	0.09053499999999998	-1
15	greedy_trans	black	1	16	0.16785100000000003	1
16	greedy	white	1	64	0.5798870000000002	0
16	greedy_trans	black	1	64	0.27235800000000016	0
17	greedy	white	1	41	0.21655999999999997	0
17	greedy_trans	black	1	41	0.19351200000000007	0
18	greedy	white	1	41	0.29869399999999996	0
18	greedy_trans	black	1	41	0.22282000000000005	0
19	greedy	white	1	67	0.39475000000000005	0
19	greedy_trans	black	1	67	0.363448	0
20	greedy	white	1	20	0.089253	-1
20	greedy_trans	black	1	20	0.23869200000000002	1
21	greedy	white	1	84	0.28195499999999996	0
21	greedy_trans	black	1	84	0.5530580000000002	0
22	greedy	white	1	52	0.33888599999999997	0
22	greedy_trans	black	1	52	0.18239000000000005	0
23	greedy	white	1	31	0.22615000000000005	0
23	greedy_trans	black	1	31	0.18780099999999997	0
24	greedy	white	1	77	0.5554089999999999	1
24	greedy_trans	black	1	77	0.2536900000000001	-1
25	greedy	white	1	105	0.5941730000000003	1
25	greedy_trans	black	1	105	0.39503800000000017	-1
26	greedy	white	1	94	0.39938799999999997	0
26	greedy_trans	black	1	94	0.415295	0
27	greedy	white	1	92	0.3548510000000001	0
27	greedy_trans	black	1	92	0.4125599999999999	0
28	greedy	white	1	58	0.4445450000000001	0
28	greedy_trans	black	1	58	0.205446	0
29	greedy	white	1	72	0.29005200000000014	0
29	greedy_trans	black	1	72	0.4653150000000001	0
30	greedy	white	1	91	0.3494370000000002	1
30	greedy_trans	black	1	91	0.38408000000000014	-1
31	greedy	white	1	73	0.347729	-1
31	greedy_trans	black	1	73	0.334653	1
32	greedy	white	1	46	0.24749900000000002	-1
32	greedy_trans	black	1	46	0.27338900000000005	1
33	greedy	white	1	56	0.2998479999999999	-1
33	greedy_trans	black	1	56	0.300941	1
34	greedy	white	1	7	0.057307	-1
34	greedy_trans	black	1	7	0.053897	1
35	greedy	white	1	53	0.24870999999999993	0
35	greedy_trans	black	1	53	0.44513100000000005	0
36	greedy	white	1	61	0.3561779999999998	0
36	greedy_trans	black	1	61	0.275508	0
37	greedy	white	1	62	0.35096399999999983	0
37	greedy_trans	black	1	62	0.43621500000000013	0
38	greedy	white	1	10	0.072841	1
38	greedy_trans	black	1	10	0.072729	-1
39	greedy	white	1	8	0.06605	-1
39	greedy_trans	black	1	8	0.042751000000000004	1
40	greedy	white	1	29	0.22510599999999997	-1
40	greedy_trans	black	1	29	0.21642399999999998	1
41	greedy	white	1	80	0.39543399999999995	0
41	greedy_trans	black	1	80	0.37745100000000004	0
42	greedy	white	1	53	0.24562400000000004	1
42	greedy_trans	black	1	53	0.34543	-1
43	greedy	white	1	48	0.19316300000000003	0
43	greedy_trans	black	1	48	0.3774430000000001	0
44	greedy	white	1	125	0.6736549999999998	0
44	greedy_trans	black	1	125	0.4931619999999998	0
45	greedy	white	1	23	0.24747100000000002	0
45	greedy_trans	black	1	23	0.14833899999999994	0
46	greedy	white	1	85	0.35805	0
46	greedy_trans	black	1	85	0.3240359999999999	0
47	greedy	white	1	52	0.28382199999999996	0
47	greedy_trans	black	1	52	0.35243000000000013	0
48	greedy	white	1	38	0.20427500000000007	-1
48	greedy_trans	black	1	38	0.30027800000000004	1
49	greedy	white	1	7	0.044212	-1
49	greedy_trans	black	1	7	0.062829	1
50	greedy	white	1	99	0.345101	0
50	greedy_trans	black	1	99	0.325462	0
51	greedy	white	1	42	0.19357500000000005	-1
51	greedy_trans	black	1	42	0.371497	1
52	greedy	white	1	18	0.10049	-1
52	greedy_trans	black	1	18	0.183725	1
53	greedy	white	1	26	0.14767300000000003	-1
53	greedy_trans	black	1	26	0.24827399999999997	1
54	greedy	white	1	83	0.44843800000000006	0
54	greedy_trans	black	1	83	0.3636760000000001	0
55	greedy	white	1	62	0.242661	0
55	greedy_trans	black	1	62	0.5411060000000001	0
56	greedy	white	1	37	0.22458699999999998	-1
56	greedy_trans	black	1	37	0.284941	1
57	greedy	white	1	76	0.4391789999999998	0
57	greedy_trans	black	1	76	0.37698599999999977	0
58	greedy	white	1	109	0.4133649999999998	0
58	greedy_trans	black	1	109	0.314831	0
59	greedy	white	1	34	0.186181	-1
59	greedy_trans	black	1	34	0.3468690000000001	1
60	greedy	white	1	31	0.30486100000000005	1
60	greedy_trans	black	1	31	0.17228900000000005	-1
61	greedy	white	1	66	0.4188860000000001	0
61	greedy_trans	black	1	66	0.30090199999999995	0
62	greedy	white	1	33	0.29352500000000004	0
62	greedy_trans	black	1	33	0.22424399999999997	0
63	greedy	white	1	75	0.39712400000000003	0
63	greedy_trans	black	1	75	0.35620300000000027	0
64	greedy	white	1	36	0.3669389999999999	1
64	greedy_trans	black	1	36	0.124059	-1
65	greedy	white	1	42	0.36306900000000003	1
65	greedy_trans	black	1	42	0.229905	-1
66	greedy	white	1	6	0.053648999999999995	-1
66	greedy_trans	black	1	6	0.048049	1
67	greedy	white	1	28	0.24574600000000002	1
67	greedy_trans	black	1	28	0.15178999999999995	-1
68	greedy	white	1	99	0.4188939999999999	1
68	greedy_trans	black	1	99	0.3336210000000002	-1
69	greedy	white	1	60	0.574453	1
69	greedy_trans	black	1	60	0.345945	-1
70	greedy	white	1	68	0.3611019999999999	-1
70	greedy_trans	black	1	68	0.3334959999999998	1
71	greedy	white	1	20	0.232873	1
71	greedy_trans	black	1	20	0.053485000000000005	-1
72	greedy	white	1	67	0.3623480000000001	0
72	greedy_trans	black	1	67	0.28593899999999994	0
73	greedy	white	1	114	0.418761	0
73	greedy_trans	black	1	114	0.44076600000000005	0
74	greedy	white	1	63	0.2957609999999999	0
74	greedy_trans	black	1	63	0.2797360000000001	0
75	greedy	white	1	70	0.30462999999999996	0
75	greedy_trans	black	1	70	0.26141400000000004	0
76	greedy	white	1	125	0.38914000000000015	0
76	greedy_trans	black	1	125	0.46703300000000025	0
77	greedy	white	1	73	0.5096419999999998	1
77	greedy_trans	black	1	73	0.330272	-1
78	greedy	white	1	72	0.271481	-1
78	greedy_trans	black	1	72	0.36521099999999995	1
79	greedy	white	1	21	0.093137	0
79	greedy_trans	black	1	21	0.126831	0
80	greedy	white	1	12	0.07539100000000001	-1
80	greedy_trans	black	1	12	0.13265900000000003	1
81	greedy	white	1	39	0.33056599999999997	0
81	greedy_trans	black	1	39	0.17610099999999998	0
82	greedy	white	1	46	0.31334500000000004	0
82	greedy_trans	black	1	46	0.21566699999999997	0
83	greedy	white	1	61	0.3537950000000002	0
83	greedy_trans	black	1	61	0.29792599999999997	0
84	greedy	white	1	46	0.20248199999999997	0
84	greedy_trans	black	1	46	0.2676390000000001	0
85	greedy	white	1	44	0.3457280000000001	0
85	greedy_trans	black	1	44	0.22112600000000002	0
86	greedy	white	1	107	0.33815400000000023	0
86	greedy_trans	black	1	107	0.35231800000000013	0
87	greedy	white	1	93	0.5740599999999998	0
87	greedy_trans	black	1	93	0.4372240000000004	0
88	greedy	white	1	66	0.34521	0
88	greedy_trans	black	1	66	0.470825	0
89	greedy	white	1	9	0.07969899999999999	1
89	greedy_trans	black	1	9	0.05942900000000001	-1
90	greedy	white	1	39	0.20765	0
90	greedy_trans	black	1	39	0.21765300000000004	0
91	greedy	white	1	9	0.09299800000000001	1
91	greedy_trans	black	1	9	0.039903999999999995	-1
92	greedy	white	1	44	0.23750400000000002	0
92	greedy_trans	black	1	44	0.290487	0
93	greedy	white	1	45	0.213332	0
93	greedy_trans	black	1	45	0.46692100000000003	0
94	greedy	white	1	60	0.29110100000000005	0
94	greedy_trans	black	1	60	0.27089200000000013	0
95	greedy	white	1	42	0.28657099999999996	0
95	greedy_trans	black	1	42	0.232449	0
96	greedy	white	1	54	0.3014720000000001	0
96	greedy_trans	black	1	54	0.37529799999999996	0
97	greedy	white	1	48	0.249602	0
97	greedy_trans	black	1	48	0.25261199999999995	0
98	greedy	white	1	43	0.2721140000000001	0
98	greedy_trans	black	1	43	0.11542200000000002	0
99	greedy	white	1	67	0.32028499999999993	0
99	greedy_trans	black	1	67	0.3447170000000001	0
100	greedy	white	1	70	0.24413100000000001	0
100	greedy_trans	black	1	70	0.44813300000000006	0
101	greedy	white	1	95	0.588174	0
101	greedy_trans	black	1	95	0.4717930000000002	0
102	greedy	white	1	64	0.40080199999999994	0
102	greedy_trans	black	1	64	0.26909	0
103	greedy	white	1	47	0.361641	0
103	greedy_trans	black	1	47	0.24336599999999992	0
104	greedy	white	1	82	0.49429099999999987	0
104	greedy_trans	black	1	82	0.2867079999999999	0
105	greedy	white	1	35	0.220067	0
105	greedy_trans	black	1	35	0.251564	0
106	greedy	white	1	83	0.33148599999999995	0
106	greedy_trans	black	1	83	0.3056070000000001	0
107	greedy	white	1	76	0.33819699999999997	0
107	greedy_trans	black	1	76	0.44198199999999993	0
108	greedy	white	1	43	0.26717699999999994	1
108	greedy_trans	black	1	43	0.25965699999999997	-1
109	greedy	white	1	4	0.024145	-1
109	greedy_trans	black	1	4	0.030345999999999998	1
110	greedy	white	1	22	0.055235	-1
110	greedy_trans	black	1	22	0.262119	1
111	greedy	white	1	50	0.22200300000000003	0
111	greedy_trans	black	1	50	0.26780299999999996	0
112	greedy	white	1	44	0.3786669999999999	0
112	greedy_trans	black	1	44	0.30217700000000014	0
113	greedy	white	1	155	0.5367339999999998	0
113	greedy_trans	black	1	155	0.8574170000000007	0
114	greedy	white	1	49	0.20941000000000004	0
114	greedy_trans	black	1	49	0.30902499999999994	0
115	greedy	white	1	34	0.295805	0
115	greedy_trans	black	1	34	0.211021	0
116	greedy	white	1	78	0.5139519999999997	0
116	greedy_trans	black	1	78	0.326831	0
117	greedy	white	1	52	0.20347300000000001	0
117	greedy_trans	black	1	52	0.23097199999999996	0
118	greedy	white	1	68	0.3356030000000002	0
118	greedy_trans	black	1	68	0.25519099999999995	0
119	greedy	white	1	32	0.22022000000000003	0
119	greedy_trans	black	1	32	0.28064000000000006	0
120	greedy	white	1	23	0.203412	1
120	greedy_trans	black	1	23	0.17278599999999997	-1
121	greedy	white	1	30	0.2639889999999999	0
121	greedy_trans	black	1	30	0.168044	0
122	greedy	white	1	45	0.29301099999999997	-1
122	greedy_trans	black	1	45	0.2722340000000001	1
123	greedy	white	1	22	0.16795899999999994	-1
123	greedy_trans	black	1	22	0.19522599999999998	1
124	greedy	white	1	88	0.5493100000000002	0
124	greedy_trans	black	1	88	0.3041110000000001	0
125	greedy	white	1	20	0.056001999999999996	0
125	greedy_trans	black	1	20	0.11817600000000002	0
126	greedy	white	1	30	0.20173400000000002	0
126	greedy_trans	black	1	30	0.18184199999999998	0
127	greedy	white	1	123	0.516512	1
127	greedy_trans	black	1	123	0.4081329999999998	-1
128	greedy	white	1	28	0.27947400000000006	1
128	greedy_trans	black	1	28	0.19110400000000008	-1
129	greedy	white	1	40	0.3836140000000001	0
129	greedy_trans	black	1	40	0.22816900000000004	0
130	greedy	white	1	50	0.328219	-1
130	greedy_trans	black	1	50	0.2592220000000001	1
131	greedy	white	1	29	0.17051300000000003	-1
131	greedy_trans	black	1	29	0.261304	1
132	greedy	white	1	58	0.32059999999999994	0
132	greedy_trans	black	1	58	0.3162950000000002	0
133	greedy	white	1	53	0.25612699999999994	-1
133	greedy_trans	black	1	53	0.38753900000000013	1
134	greedy	white	1	67	0.27124	0
134	greedy_trans	black	1	67	0.34606800000000004	0
135	greedy	white	1	67	0.2884399999999999	0
135	greedy_trans	black	1	67	0.495323	0
136	greedy	white	1	60	0.3245690000000001	0
136	greedy_trans	black	1	60	0.2913740000000001	0
137	greedy	white	1	22	0.229228	1
137	greedy_trans	black	1	22	0.15082600000000004	-1
138	greedy	white	1	83	0.4717839999999999	0
138	greedy_trans	black	1	83	0.3223760000000001	0
139	greedy	white	1	60	0.29631199999999996	1
139	greedy_trans	black	1	60	0.29429699999999986	-1
140	greedy	white	1	56	0.32029100000000005	0
140	greedy_trans	black	1	56	0.192217	0
141	greedy	white	1	74	0.4079350000000001	0
141	greedy_trans	black	1	74	0.32258600000000004	0
142	greedy	white	1	99	0.3472360000000001	0
142	greedy_trans	black	1	99	0.42809700000000006	0
143	greedy	white	1	85	0.35293500000000017	0
143	greedy_trans	black	1	85	0.36680400000000013	0
144	greedy	white	1	79	0.40905200000000025	0
144	greedy_trans	black	1	79	0.302406	0
145	greedy	white	1	53	0.266544	0
145	greedy_trans	black	1	53	0.44334600000000013	0
146	greedy	white	1	67	0.39955100000000005	0
146	greedy_trans	black	1	67	0.3105699999999999	0
147	greedy	white	1	70	0.4684349999999998	1
147	greedy_trans	black	1	70	0.3290810000000001	-1
148	greedy	white	1	42	0.20814399999999997	0
148	greedy_trans	black	1	42	0.39799500000000015	0
149	greedy	white	1	40	0.37123799999999996	1
149	greedy_trans	black	1	40	0.231344	-1
150	greedy	white	1	9	0.08926500000000001	-1
150	greedy_trans	black	1	9	0.080679	1
151	greedy	white	1	43	0.2959530000000001	0
151	greedy_trans	black	1	43	0.25122199999999995	0
152	greedy	white	1	73	0.30325499999999983	0
152	greedy_trans	black	1	73	0.520756	0
153	greedy	white	1	47	0.30441599999999985	0
153	greedy_trans	black	1	47	0.20847999999999992	0
154	greedy	white	1	103	0.3614629999999999	0
154	greedy_trans	black	1	103	0.449158	0
155	greedy	white	1	72	0.3283140000000001	0
155	greedy_trans	black	1	72	0.4252849999999999	0
156	greedy	white	1	38	0.236781	-1
156	greedy_trans	black	1	38	0.326249	1
157	greedy	white	1	98	0.5141579999999998	0
157	greedy_trans	black	1	98	0.4290900000000002	0
158	greedy	white	1	85	0.33520500000000003	0
158	greedy_trans	black	1	85	0.4064189999999999	0
159	greedy	white	1	73	0.2725919999999999	-1
159	greedy_trans	black	1	73	0.3812729999999999	1
160	greedy	white	1	62	0.3835719999999999	1
160	greedy_trans	black	1	62	0.24327399999999993	-1
161	greedy	white	1	62	0.29220899999999994	0
161	greedy_trans	black	1	62	0.34926100000000015	0
162	greedy	white	1	44	0.315183	-1
162	greedy_trans	black	1	44	0.29071400000000014	1
163	greedy	white	1	52	0.282504	0
163	greedy_trans	black	1	52	0.22353199999999998	0
164	greedy	white	1	37	0.34543999999999997	0
164	greedy_trans	black	1	37	0.21890100000000004	0
165	greedy	white	1	129	0.6744150000000001	0
165	greedy_trans	black	1	129	0.3503830000000001	0
166	greedy	white	1	28	0.24345999999999998	0
166	greedy_trans	black	1	28	0.08422500000000001	0
167	greedy	white	1	82	0.5627099999999995	1
167	greedy_trans	black	1	82	0.38718400000000003	-1
168	greedy	white	1	26	0.2590569999999999	1
168	greedy_trans	black	1	26	0.16048700000000005	-1
169	greedy	white	1	51	0.3035570000000002	0
169	greedy_trans	black	1	51	0.22915500000000008	0
170	greedy	white	1	54	0.527046	0
170	greedy_trans	black	1	54	0.25908699999999996	0
171	greedy	white	1	61	0.3739149999999999	-1
171	greedy_trans	black	1	61	0.25792499999999996	1
172	greedy	white	1	41	0.24163300000000001	0
172	greedy_trans	black	1	41	0.22190000000000001	0
173	greedy	white	1	26	0.129146	0
173	greedy_trans	black	1	26	0.15757899999999997	0
174	greedy	white	1	88	0.39075199999999993	0
174	greedy_trans	black	1	88	0.38522400000000007	0
175	greedy	white	1	46	0.3949909999999999	1
175	greedy_trans	black	1	46	0.30374799999999996	-1
176	greedy	white	1	62	0.26664400000000016	0
176	greedy_trans	black	1	62	0.34306800000000015	0
177	greedy	white	1	38	0.22995299999999996	0
177	greedy_trans	black	1	38	0.260878	0
178	greedy	white	1	74	0.27812699999999996	0
178	greedy_trans	black	1	74	0.42002900000000015	0
179	greedy	white	1	55	0.3860679999999999	0
179	greedy_trans	black	1	55	0.24406	0
180	greedy	white	1	79	0.4254390000000002	0
180	greedy_trans	black	1	79	0.3995610000000001	0
181	greedy	white	1	42	0.342652	1
181	greedy_trans	black	1	42	0.2826270000000001	-1
182	greedy	white	1	28	0.289755	1
182	greedy_trans	black	1	28	0.10432500000000003	-1
183	greedy	white	1	25	0.195295	1
183	greedy_trans	black	1	25	0.11288399999999997	-1
184	greedy	white	1	80	0.30728	0
184	greedy_trans	black	1	80	0.4151070000000001	0
185	greedy	white	1	74	0.32082499999999975	0
185	greedy_trans	black	1	74	0.27969200000000005	0
186	greedy	white	1	71	0.359503	0
186	greedy_trans	black	1	71	0.3930820000000002	0
187	greedy	white	1	61	0.20206799999999997	0
187	greedy_trans	black	1	61	0.39322799999999997	0
188	greedy	white	1	44	0.32623199999999997	1
188	greedy_trans	black	1	44	0.16699999999999998	-1
189	greedy	white	1	96	0.5909929999999998	0
189	greedy_trans	black	1	96	0.4110479999999999	0
190	greedy	white	1	63	0.595234	0
190	greedy_trans	black	1	63	0.22219300000000008	0
191	greedy	white	1	111	0.47867900000000013	0
191	greedy_trans	black	1	111	0.3949619999999999	0
192	greedy	white	1	38	0.18841099999999997	0
192	greedy_trans	black	1	38	0.239327	0
193	greedy	white	1	107	0.5108920000000001	0
193	greedy_trans	black	1	107	0.38940199999999986	0
194	greedy	white	1	67	0.4130429999999999	0
194	greedy_trans	black	1	67	0.2663329999999999	0
195	greedy	white	1	59	0.31995000000000007	0
195	greedy_trans	black	1	59	0.3140820000000001	0
196	greedy	white	1	108	0.3844640000000002	0
196	greedy_trans	black	1	108	0.3125649999999999	0
197	greedy	white	1	95	0.503568	0
197	greedy_trans	black	1	95	0.5360780000000002	0
198	greedy	white	1	100	0.27549799999999985	0
198	greedy_trans	black	1	100	0.2907199999999998	0
199	greedy	white	1	44	0.38030299999999995	0
199	greedy_trans	black	1	44	0.21489599999999998	0
200	greedy	white	1	53	0.2492179999999999	0
200	greedy_trans	black	1	53	0.141806	0
201	greedy	white	1	54	0.289686	0
201	greedy_trans	black	1	54	0.2746850000000001	0
202	greedy	white	1	105	0.4206280000000002	0
202	greedy_trans	black	1	105	0.31842199999999987	0
203	greedy	white	1	9	0.032009	-1
203	greedy_trans	black	1	9	0.068029	1
204	greedy	white	1	5	0.045276000000000004	-1
204	greedy_trans	black	1	5	0.029792000000000003	1
205	greedy	white	1	71	0.528507	0
205	greedy_trans	black	1	71	0.30317700000000003	0
206	greedy	white	1	48	0.39299900000000004	0
206	greedy_trans	black	1	48	0.21894700000000003	0
207	greedy	white	1	52	0.29058499999999987	0
207	greedy_trans	black	1	52	0.27441400000000005	0
208	greedy	white	1	117	0.45140100000000005	0
208	greedy_trans	black	1	117	0.4046430000000001	0
209	greedy	white	1	121	0.4777799999999997	0
209	greedy_trans	black	1	121	0.39535300000000034	0
210	greedy	white	1	40	0.37512	0
210	greedy_trans	black	1	40	0.10051599999999998	0
211	greedy	white	1	15	0.046372	0
211	greedy_trans	black	1	15	0.11742499999999999	0
212	greedy	white	1	53	0.30369399999999996	0
212	greedy_trans	black	1	53	0.2692469999999999	0
213	greedy	white	1	44	0.1800720000000001	-1
213	greedy_trans	black	1	44	0.4679209999999999	1
214	greedy	white	1	67	0.44118900000000005	1
214	greedy_trans	black	1	67	0.2867960000000001	-1
215	greedy	white	1	48	0.35627100000000006	0
215	greedy_trans	black	1	48	0.24003	0
216	greedy	white	1	58	0.377425	0
216	greedy_trans	black	1	58	0.31344599999999995	0
217	greedy	white	1	86	0.4147559999999998	0
217	greedy_trans	black	1	86	0.470123	0
218	greedy	white	1	60	0.292584	-1
218	greedy_trans	black	1	60	0.2630909999999999	1
219	greedy	white	1	53	0.384378	0
219	greedy_trans	black	1	53	0.209611	0
220	greedy	white	1	56	0.34254599999999996	1
220	greedy_trans	black	1	56	0.35643999999999987	-1
221	greedy	white	1	51	0.30402199999999996	1
221	greedy_trans	black	1	51	0.318765	-1
222	greedy	white	1	49	0.24793899999999994	0
222	greedy_trans	black	1	49	0.31574900000000006	0
223	greedy	white	1	45	0.29625099999999993	0
223	greedy_trans	black	1	45	0.15444	0
224	greedy	white	1	51	0.301289	-1
224	greedy_trans	black	1	51	0.39395400000000014	1
225	greedy	white	1	65	0.3956849999999999	1
225	greedy_trans	black	1	65	0.33634499999999995	-1
226	greedy	white	1	33	0.17863700000000002	0
226	greedy_trans	black	1	33	0.20347100000000007	0
227	greedy	white	1	60	0.36057700000000004	0
227	greedy_trans	black	1	60	0.34580299999999997	0
228	greedy	white	1	101	0.3998440000000003	0
228	greedy_trans	black	1	101	0.2906009999999999	0
229	greedy	white	1	69	0.4781809999999999	0
229	greedy_trans	black	1	69	0.2444240000000001	0
230	greedy	white	1	86	0.327269	0
230	greedy_trans	black	1	86	0.2676070000000001	0
231	greedy	white	1	46	0.24108200000000002	0
231	greedy_trans	black	1	46	0.329714	0
232	greedy	white	1	39	0.31272500000000003	1
232	greedy_trans	black	1	39	0.18754	-1
233	greedy	white	1	61	0.216264	0
233	greedy_trans	black	1	61	0.37836699999999995	0
234	greedy	white	1	110	0.43388999999999983	0
234	greedy_trans	black	1	110	0.3991990000000001	0
235	greedy	white	1	74	0.29610900000000007	0
235	greedy_trans	black	1	74	0.39141399999999993	0
236	greedy	white	1	30	0.2921139999999999	1
236	greedy_trans	black	1	30	0.170327	-1
237	greedy	white	1	45	0.3140740000000001	0
237	greedy_trans	black	1	45	0.24933700000000003	0
238	greedy	white	1	48	0.2651629999999999	1
238	greedy_trans	black	1	48	0.2696	-1
239	greedy	white	1	38	0.30435900000000005	0
239	greedy_trans	black	1	38	0.34807199999999994	0
240	greedy	white	1	89	0.3583189999999999	0
240	greedy_trans	black	1	89	0.38005700000000014	0
241	greedy	white	1	4	0.035394	-1
241	greedy_trans	black	1	4	0.029068	1
242	greedy	white	1	43	0.23807699999999998	0
242	greedy_trans	black	1	43	0.20081800000000005	0
243	greedy	white	1	48	0.28193499999999994	0
243	greedy_trans	black	1	48	0.22556599999999993	0
244	greedy	white	1	23	0.246489	1
244	greedy_trans	black	1	23	0.062787	-1
245	greedy	white	1	55	0.3552080000000001	0
245	greedy_trans	black	1	55	0.258144	0
246	greedy	white	1	77	0.4031530000000001	0
246	greedy_trans	black	1	77	0.33371900000000015	0
247	greedy	white	1	37	0.230715	-1
247	greedy_trans	black	1	37	0.2667979999999999	1
248	greedy	white	1	74	0.29311199999999993	0
248	greedy_trans	black	1	74	0.42054400000000014	0
249	greedy	white	1	59	0.28995400000000005	0
249	greedy_trans	black	1	59	0.28940299999999997	0
250	greedy	white	1	19	0.18088699999999996	1
250	greedy_trans	black	1	19	0.18165599999999998	-1
251	greedy	white	1	47	0.414529	0
251	greedy_trans	black	1	47	0.176484	0
252	greedy	white	1	83	0.3790339999999999	0
252	greedy_trans	black	1	83	0.3482040000000001	0
253	greedy	white	1	68	0.379896	-1
253	greedy_trans	black	1	68	0.33046099999999995	1
254	greedy	white	1	111	0.8570150000000001	0
254	greedy_trans	black	1	111	0.3277660000000001	0
255	greedy	white	1	20	0.169447	1
255	greedy_trans	black	1	20	0.11701099999999999	-1
256	greedy	white	1	62	0.3529900000000001	0
256	greedy_trans	black	1	62	0.3331639999999999	0
257	greedy	white	1	41	0.287019	0
257	greedy_trans	black	1	41	0.2999140000000001	0
258	greedy	white	1	62	0.258428	-1
258	greedy_trans	black	1	62	0.35406300000000007	1
259	greedy	white	1	65	0.23277099999999998	-1
259	greedy_trans	black	1	65	0.393087	1
260	greedy	white	1	53	0.37202899999999994	-1
260	greedy_trans	black	1	53	0.28478599999999993	1
261	greedy	white	1	69	0.34713299999999997	0
261	greedy_trans	black	1	69	0.41263400000000006	0
262	greedy	white	1	34	0.24752199999999996	0
262	greedy_trans	black	1	34	0.26821900000000004	0
263	greedy	white	1	50	0.23798200000000003	0
263	greedy_trans	black	1	50	0.45083	0
264	greedy	white	1	72	0.427072	0
264	greedy_trans	black	1	72	0.28404699999999994	0
265	greedy	white	1	63	0.360257	0
265	greedy_trans	black	1	63	0.294272	0
266	greedy	white	1	122	0.37765799999999994	0
266	greedy_trans	black	1	122	0.38677200000000006	0
267	greedy	white	1	69	0.3176090000000001	1
267	greedy_trans	black	1	69	0.21069100000000004	-1
268	greedy	white	1	62	0.30390300000000015	0
268	greedy_trans	black	1	62	0.24901000000000004	0
269	greedy	white	1	37	0.357701	1
269	greedy_trans	black	1	37	0.211829	-1
270	greedy	white	1	39	0.32860900000000004	0
270	greedy_trans	black	1	39	0.16555999999999996	0
271	greedy	white	1	19	0.17419400000000002	1
271	greedy_trans	black	1	19	0.159315	-1
272	greedy	white	1	71	0.358373	0
272	greedy_trans	black	1	71	0.30214100000000005	0
273	greedy	white	1	58	0.32380099999999984	1
273	greedy_trans	black	1	58	0.34715500000000005	-1
274	greedy	white	1	43	0.23751099999999997	0
274	greedy_trans	black	1	43	0.399533	0
275	greedy	white	1	84	0.4420000000000001	0
275	greedy_trans	black	1	84	0.35582500000000017	0
276	greedy	white	1	39	0.28379899999999997	1
276	greedy_trans	black	1	39	0.26036099999999995	-1
277	greedy	white	1	34	0.202714	0
277	greedy_trans	black	1	34	0.20665099999999997	0
278	greedy	white	1	67	0.265498	-1
278	greedy_trans	black	1	67	0.3983720000000001	1
279	greedy	white	1	83	0.27481500000000003	0
279	greedy_trans	black	1	83	0.43600300000000003	0
280	greedy	white	1	29	0.245451	1
280	greedy_trans	black	1	29	0.20208500000000004	-1
281	greedy	white	1	74	0.4802140000000001	1
281	greedy_trans	black	1	74	0.203007	-1
282	greedy	white	1	35	0.25285300000000005	-1
282	greedy_trans	black	1	35	0.27614299999999997	1
283	greedy	white	1	87	0.3476190000000001	0
283	greedy_trans	black	1	87	0.2587059999999999	0
284	greedy	white	1	51	0.338571	1
284	greedy_trans	black	1	51	0.24949599999999994	-1
285	greedy	white	1	29	0.24542699999999995	1
285	greedy_trans	black	1	29	0.12367999999999996	-1
286	greedy	white	1	66	0.35440799999999995	0
286	greedy_trans	black	1	66	0.32658300000000007	0
287	greedy	white	1	75	0.4678870000000001	1
287	greedy_trans	black	1	75	0.21309399999999995	-1
288	greedy	white	1	24	0.22823000000000004	0
288	greedy_trans	black	1	24	0.11869400000000002	0
289	greedy	white	1	22	0.175954	1
289	greedy_trans	black	1	22	0.08975999999999999	-1
290	greedy	white	1	20	0.156333	1
290	greedy_trans	black	1	20	0.166558	-1
291	greedy	white	1	102	0.4967790000000002	1
291	greedy_trans	black	1	102	0.445213	-1
292	greedy	white	1	115	0.4693359999999999	0
292	greedy_trans	black	1	115	0.41797600000000007	0
293	greedy	white	1	70	0.6006529999999999	0
293	greedy_trans	black	1	70	0.20626699999999998	0
294	greedy	white	1	69	0.35032899999999995	0
294	greedy_trans	black	1	69	0.30104600000000004	0
295	greedy	white	1	84	0.380914	0
295	greedy_trans	black	1	84	0.404799	0
296	greedy	white	1	83	0.328353	0
296	greedy_trans	black	1	83	0.395499	0
297	greedy	white	1	54	0.26935699999999996	0
297	greedy_trans	black	1	54	0.191438	0
298	greedy	white	1	66	0.3854100000000001	-1
298	greedy_trans	black	1	66	0.24137300000000006	1
299	greedy	white	1	66	0.28873099999999996	0
299	greedy_trans	black	1	66	0.4734789999999999	0
