game_number	agent_type	agent_color	agent_depth	agent_num_moves	agent_decision_time	game_result
0	greedy	white	1	111	0.36877899999999997	0
0	greedy_trans	black	1	111	0.6458879999999999	0
1	greedy	white	1	84	0.4555899999999999	0
1	greedy_trans	black	1	84	0.456082	0
2	greedy	white	1	58	0.31340400000000007	0
2	greedy_trans	black	1	58	0.44176600000000016	0
3	greedy	white	1	80	0.351879	0
3	greedy_trans	black	1	80	0.38669700000000007	0
4	greedy	white	1	35	0.21969800000000003	0
4	greedy_trans	black	1	35	0.378278	0
5	greedy	white	1	42	0.19865500000000003	0
5	greedy_trans	black	1	42	0.32708400000000004	0
6	greedy	white	1	45	0.202746	1
6	greedy_trans	black	1	45	0.3160090000000001	-1
7	greedy	white	1	135	0.49875499999999995	0
7	greedy_trans	black	1	135	0.4164289999999997	0
8	greedy	white	1	44	0.22159900000000002	0
8	greedy_trans	black	1	44	0.35777899999999985	0
9	greedy	white	1	43	0.336553	1
9	greedy_trans	black	1	43	0.253867	-1
10	greedy	white	1	49	0.24477399999999994	0
10	greedy_trans	black	1	49	0.3616409999999999	0
11	greedy	white	1	107	0.460735	0
11	greedy_trans	black	1	107	0.381188	0
12	greedy	white	1	57	0.4300880000000001	0
12	greedy_trans	black	1	57	0.34084699999999996	0
13	greedy	white	1	49	0.220828	0
13	greedy_trans	black	1	49	0.279149	0
14	greedy	white	1	65	0.22538499999999997	-1
14	greedy_trans	black	1	65	0.49086099999999994	1
15	greedy	white	1	81	0.37561900000000004	0
15	greedy_trans	black	1	81	0.385136	0
16	greedy	white	1	105	0.3966469999999999	0
16	greedy_trans	black	1	105	0.38713800000000004	0
17	greedy	white	1	6	0.051365	-1
17	greedy_trans	black	1	6	0.050706	1
18	greedy	white	1	70	0.304155	0
18	greedy_trans	black	1	70	0.5072939999999999	0
19	greedy	white	1	119	0.49680000000000013	0
19	greedy_trans	black	1	119	0.4798939999999997	0
20	greedy	white	1	26	0.21636000000000002	1
20	greedy_trans	black	1	26	0.19988499999999992	-1
21	greedy	white	1	62	0.36216600000000004	0
21	greedy_trans	black	1	62	0.24676700000000001	0
22	greedy	white	1	44	0.22119100000000003	0
22	greedy_trans	black	1	44	0.2670770000000001	0
23	greedy	white	1	27	0.177571	-1
23	greedy_trans	black	1	27	0.195513	1
24	greedy	white	1	47	0.23313500000000004	-1
24	greedy_trans	black	1	47	0.361708	1
25	greedy	white	1	94	0.38615099999999986	0
25	greedy_trans	black	1	94	0.281106	0
26	greedy	white	1	58	0.22974499999999998	0
26	greedy_trans	black	1	58	0.3204079999999999	0
27	greedy	white	1	38	0.34225500000000003	0
27	greedy_trans	black	1	38	0.20671899999999999	0
28	greedy	white	1	30	0.21529099999999995	0
28	greedy_trans	black	1	30	0.20072899999999996	0
29	greedy	white	1	33	0.20646899999999996	0
29	greedy_trans	black	1	33	0.270281	0
30	greedy	white	1	73	0.34092100000000003	0
30	greedy_trans	black	1	73	0.3303170000000001	0
31	greedy	white	1	44	0.22606899999999996	1
31	greedy_trans	black	1	44	0.22201200000000004	-1
32	greedy	white	1	42	0.22544699999999995	0
32	greedy_trans	black	1	42	0.26487499999999997	0
33	greedy	white	1	47	0.21049799999999994	0
33	greedy_trans	black	1	47	0.39967899999999995	0
34	greedy	white	1	95	0.45589200000000013	1
34	greedy_trans	black	1	95	0.416708	-1
35	greedy	white	1	36	0.26669600000000004	1
35	greedy_trans	black	1	36	0.21034599999999995	-1
36	greedy	white	1	55	0.24522499999999997	-1
36	greedy_trans	black	1	55	0.28648400000000007	1
37	greedy	white	1	53	0.3190200000000001	-1
37	greedy_trans	black	1	53	0.35570800000000014	1
38	greedy	white	1	79	0.4852620000000001	1
38	greedy_trans	black	1	79	0.26837800000000006	-1
39	greedy	white	1	46	0.24287099999999992	-1
39	greedy_trans	black	1	46	0.280563	1
40	greedy	white	1	98	0.35485600000000006	-1
40	greedy_trans	black	1	98	0.4357129999999997	1
41	greedy	white	1	45	0.24024500000000001	-1
41	greedy_trans	black	1	45	0.254176	1
42	greedy	white	1	51	0.44549399999999995	0
42	greedy_trans	black	1	51	0.142325	0
43	greedy	white	1	46	0.255031	0
43	greedy_trans	black	1	46	0.2603770000000001	0
44	greedy	white	1	100	0.42013200000000006	0
44	greedy_trans	black	1	100	0.3655399999999997	0
45	greedy	white	1	20	0.12475499999999999	0
45	greedy_trans	black	1	20	0.15778200000000003	0
46	greedy	white	1	15	0.109254	-1
46	greedy_trans	black	1	15	0.13424899999999998	1
47	greedy	white	1	57	0.26216100000000003	1
47	greedy_trans	black	1	57	0.27870799999999996	-1
48	greedy	white	1	49	0.22020400000000007	-1
48	greedy_trans	black	1	49	0.23426000000000002	1
49	greedy	white	1	29	0.184391	0
49	greedy_trans	black	1	29	0.26019499999999995	0
50	greedy	white	1	22	0.196037	1
50	greedy_trans	black	1	22	0.153169	-1
51	greedy	white	1	41	0.3096770000000001	1
51	greedy_trans	black	1	41	0.25568	-1
52	greedy	white	1	47	0.183113	-1
52	greedy_trans	black	1	47	0.275915	1
53	greedy	white	1	69	0.3435469999999999	0
53	greedy_trans	black	1	69	0.34348999999999996	0
54	greedy	white	1	34	0.2521939999999999	1
54	greedy_trans	black	1	34	0.162065	-1
55	greedy	white	1	9	0.09530699999999999	-1
55	greedy_trans	black	1	9	0.096161	1
56	greedy	white	1	24	0.164488	1
56	greedy_trans	black	1	24	0.204845	-1
57	greedy	white	1	63	0.44611000000000006	1
57	greedy_trans	black	1	63	0.3001490000000001	-1
58	greedy	white	1	63	0.267711	0
58	greedy_trans	black	1	63	0.5098169999999999	0
59	greedy	white	1	53	0.267738	-1
59	greedy_trans	black	1	53	0.17623499999999992	1
60	greedy	white	1	47	0.215397	-1
60	greedy_trans	black	1	47	0.17869100000000002	1
61	greedy	white	1	26	0.30821	1
61	greedy_trans	black	1	26	0.09604200000000002	-1
62	greedy	white	1	104	0.589225	0
62	greedy_trans	black	1	104	0.374035	0
63	greedy	white	1	41	0.26857400000000003	0
63	greedy_trans	black	1	41	0.347164	0
64	greedy	white	1	42	0.200794	-1
64	greedy_trans	black	1	42	0.299181	1
65	greedy	white	1	84	0.35799200000000003	0
65	greedy_trans	black	1	84	0.41038800000000014	0
66	greedy	white	1	58	0.38914800000000005	0
66	greedy_trans	black	1	58	0.27739499999999995	0
67	greedy	white	1	113	0.484721	0
67	greedy_trans	black	1	113	0.409249	0
68	greedy	white	1	75	0.37992200000000004	0
68	greedy_trans	black	1	75	0.18671900000000008	0
69	greedy	white	1	67	0.4153750000000001	1
69	greedy_trans	black	1	67	0.25939099999999987	-1
70	greedy	white	1	60	0.36617199999999994	0
70	greedy_trans	black	1	60	0.31210400000000016	0
71	greedy	white	1	54	0.5245949999999999	0
71	greedy_trans	black	1	54	0.19064499999999993	0
72	greedy	white	1	36	0.328329	1
72	greedy_trans	black	1	36	0.222346	-1
73	greedy	white	1	36	0.30284000000000005	0
73	greedy_trans	black	1	36	0.2801099999999999	0
74	greedy	white	1	99	0.48596800000000007	1
74	greedy_trans	black	1	99	0.41844900000000007	-1
75	greedy	white	1	61	0.313891	0
75	greedy_trans	black	1	61	0.3110549999999999	0
76	greedy	white	1	35	0.25006200000000006	1
76	greedy_trans	black	1	35	0.20985299999999998	-1
77	greedy	white	1	46	0.25401700000000005	0
77	greedy_trans	black	1	46	0.37549000000000005	0
78	greedy	white	1	41	0.21568199999999993	0
78	greedy_trans	black	1	41	0.21521200000000001	0
79	greedy	white	1	38	0.23806	0
79	greedy_trans	black	1	38	0.3426189999999999	0
80	greedy	white	1	79	0.4015870000000001	0
80	greedy_trans	black	1	79	0.3523739999999999	0
81	greedy	white	1	62	0.2602470000000001	0
81	greedy_trans	black	1	62	0.3705570000000001	0
82	greedy	white	1	54	0.26277900000000004	0
82	greedy_trans	black	1	54	0.312167	0
83	greedy	white	1	47	0.21843800000000002	0
83	greedy_trans	black	1	47	0.228935	0
84	greedy	white	1	135	0.6513390000000002	0
84	greedy_trans	black	1	135	0.4109089999999999	0
85	greedy	white	1	23	0.181473	1
85	greedy_trans	black	1	23	0.128089	-1
86	greedy	white	1	76	0.339779	0
86	greedy_trans	black	1	76	0.3833750000000001	0
87	greedy	white	1	30	0.252062	0
87	greedy_trans	black	1	30	0.141149	0
88	greedy	white	1	42	0.24583599999999997	-1
88	greedy_trans	black	1	42	0.26509499999999997	1
89	greedy	white	1	18	0.175922	0
89	greedy_trans	black	1	18	0.074994	0
90	greedy	white	1	37	0.23232900000000004	0
90	greedy_trans	black	1	37	0.298729	0
91	greedy	white	1	67	0.29746000000000006	0
91	greedy_trans	black	1	67	0.32258999999999993	0
92	greedy	white	1	25	0.222945	-1
92	greedy_trans	black	1	25	0.26811099999999993	1
93	greedy	white	1	39	0.30033899999999997	0
93	greedy_trans	black	1	39	0.22299800000000006	0
94	greedy	white	1	28	0.219084	1
94	greedy_trans	black	1	28	0.23249099999999995	-1
95	greedy	white	1	62	0.30904100000000007	-1
95	greedy_trans	black	1	62	0.23812799999999995	1
96	greedy	white	1	63	0.29898700000000006	0
96	greedy_trans	black	1	63	0.361568	0
97	greedy	white	1	84	0.34763599999999995	0
97	greedy_trans	black	1	84	0.49861999999999995	0
98	greedy	white	1	82	0.42391900000000005	0
98	greedy_trans	black	1	82	0.431085	0
99	greedy	white	1	59	0.2738209999999998	0
99	greedy_trans	black	1	59	0.29805600000000004	0
100	greedy	white	1	44	0.3261360000000001	0
100	greedy_trans	black	1	44	0.22304999999999997	0
101	greedy	white	1	46	0.3631770000000001	1
101	greedy_trans	black	1	46	0.27193400000000006	-1
102	greedy	white	1	45	0.26120299999999996	0
102	greedy_trans	black	1	45	0.20795100000000002	0
103	greedy	white	1	42	0.24066700000000002	-1
103	greedy_trans	black	1	42	0.22113199999999997	1
104	greedy	white	1	91	0.524426	0
104	greedy_trans	black	1	91	0.369572	0
105	greedy	white	1	59	0.40084500000000006	1
105	greedy_trans	black	1	59	0.34146999999999983	-1
106	greedy	white	1	49	0.39559300000000003	0
106	greedy_trans	black	1	49	0.23946900000000004	0
107	greedy	white	1	63	0.36088200000000004	0
107	greedy_trans	black	1	63	0.24767000000000003	0
108	greedy	white	1	48	0.351459	0
108	greedy_trans	black	1	48	0.190132	0
109	greedy	white	1	105	0.3972429999999999	0
109	greedy_trans	black	1	105	0.294566	0
110	greedy	white	1	58	0.42559699999999995	0
110	greedy_trans	black	1	58	0.2405659999999999	0
111	greedy	white	1	65	0.38962399999999997	0
111	greedy_trans	black	1	65	0.33907200000000004	0
112	greedy	white	1	61	0.37819400000000014	1
112	greedy_trans	black	1	61	0.165621	-1
113	greedy	white	1	49	0.30764500000000006	0
113	greedy_trans	black	1	49	0.2944119999999999	0
114	greedy	white	1	66	0.48316599999999993	0
114	greedy_trans	black	1	66	0.15783100000000003	0
115	greedy	white	1	32	0.22479299999999997	0
115	greedy_trans	black	1	32	0.287432	0
116	greedy	white	1	55	0.28802800000000006	0
116	greedy_trans	black	1	55	0.218068	0
117	greedy	white	1	71	0.2471209999999999	0
117	greedy_trans	black	1	71	0.39633199999999996	0
118	greedy	white	1	34	0.26887399999999995	0
118	greedy_trans	black	1	34	0.172873	0
119	greedy	white	1	31	0.325091	0
119	greedy_trans	black	1	31	0.128793	0
120	greedy	white	1	34	0.17923300000000006	0
120	greedy_trans	black	1	34	0.20828299999999997	0
121	greedy	white	1	107	0.3679200000000001	0
121	greedy_trans	black	1	107	0.3339489999999999	0
122	greedy	white	1	41	0.239832	0
122	greedy_trans	black	1	41	0.3060569999999999	0
123	greedy	white	1	28	0.16834800000000003	-1
123	greedy_trans	black	1	28	0.2815280000000001	1
124	greedy	white	1	65	0.554744	0
124	greedy_trans	black	1	65	0.31464799999999987	0
125	greedy	white	1	32	0.256839	0
125	greedy_trans	black	1	32	0.17185599999999998	0
126	greedy	white	1	37	0.2582409999999999	0
126	greedy_trans	black	1	37	0.17009000000000002	0
127	greedy	white	1	120	0.460338	0
127	greedy_trans	black	1	120	0.4221570000000001	0
128	greedy	white	1	58	0.3048700000000001	0
128	greedy_trans	black	1	58	0.28656099999999995	0
129	greedy	white	1	79	0.335023	0
129	greedy_trans	black	1	79	0.27621499999999993	0
130	greedy	white	1	29	0.32793800000000006	0
130	greedy_trans	black	1	29	0.14921900000000005	0
131	greedy	white	1	53	0.2153680000000001	0
131	greedy_trans	black	1	53	0.4460289999999999	0
132	greedy	white	1	39	0.262212	0
132	greedy_trans	black	1	39	0.230118	0
133	greedy	white	1	78	0.42328699999999986	0
133	greedy_trans	black	1	78	0.3777500000000001	0
134	greedy	white	1	74	0.35828399999999994	1
134	greedy_trans	black	1	74	0.3376039999999999	-1
135	greedy	white	1	43	0.36969900000000006	0
135	greedy_trans	black	1	43	0.20727499999999996	0
136	greedy	white	1	58	0.35984700000000014	0
136	greedy_trans	black	1	58	0.2303260000000001	0
137	greedy	white	1	113	0.5185939999999999	0
137	greedy_trans	black	1	113	0.46590000000000004	0
138	greedy	white	1	103	0.350683	0
138	greedy_trans	black	1	103	0.31404999999999994	0
139	greedy	white	1	27	0.10024299999999998	0
139	greedy_trans	black	1	27	0.21694600000000003	0
140	greedy	white	1	55	0.25353000000000003	-1
140	greedy_trans	black	1	55	0.308403	1
141	greedy	white	1	32	0.16651600000000003	0
141	greedy_trans	black	1	32	0.21453	0
142	greedy	white	1	8	0.06794299999999999	1
142	greedy_trans	black	1	8	0.035890000000000005	-1
143	greedy	white	1	88	0.25449799999999995	0
143	greedy_trans	black	1	88	0.5300070000000001	0
144	greedy	white	1	31	0.193003	0
144	greedy_trans	black	1	31	0.160366	0
145	greedy	white	1	101	0.4198730000000003	0
145	greedy_trans	black	1	101	0.5822439999999998	0
146	greedy	white	1	62	0.3405869999999999	0
146	greedy_trans	black	1	62	0.316848	0
147	greedy	white	1	107	0.40419599999999994	0
147	greedy_trans	black	1	107	0.33178999999999986	0
148	greedy	white	1	20	0.16425499999999996	-1
148	greedy_trans	black	1	20	0.246937	1
149	greedy	white	1	72	0.34543399999999996	0
149	greedy_trans	black	1	72	0.4068120000000001	0
150	greedy	white	1	27	0.18910500000000002	1
150	greedy_trans	black	1	27	0.210041	-1
151	greedy	white	1	51	0.28671399999999997	-1
151	greedy_trans	black	1	51	0.37254799999999993	1
152	greedy	white	1	59	0.26928500000000016	0
152	greedy_trans	black	1	59	0.269856	0
153	greedy	white	1	118	0.45095300000000005	0
153	greedy_trans	black	1	118	0.4424	0
154	greedy	white	1	47	0.292331	-1
154	greedy_trans	black	1	47	0.3420109999999999	1
155	greedy	white	1	52	0.241508	1
155	greedy_trans	black	1	52	0.217834	-1
156	greedy	white	1	52	0.302581	0
156	greedy_trans	black	1	52	0.2594260000000001	0
157	greedy	white	1	60	0.24682699999999994	0
157	greedy_trans	black	1	60	0.44946499999999995	0
158	greedy	white	1	24	0.23441099999999998	0
158	greedy_trans	black	1	24	0.07015199999999998	0
159	greedy	white	1	57	0.341798	0
159	greedy_trans	black	1	57	0.236552	0
160	greedy	white	1	35	0.22826300000000002	0
160	greedy_trans	black	1	35	0.24610200000000002	0
161	greedy	white	1	84	0.40874100000000013	1
161	greedy_trans	black	1	84	0.3866199999999999	-1
162	greedy	white	1	56	0.41658200000000006	0
162	greedy_trans	black	1	56	0.2659290000000001	0
163	greedy	white	1	78	0.4573310000000001	0
163	greedy_trans	black	1	78	0.3553689999999999	0
164	greedy	white	1	43	0.18321100000000007	0
164	greedy_trans	black	1	43	0.36556400000000006	0
165	greedy	white	1	66	0.2813850000000001	0
165	greedy_trans	black	1	66	0.27271200000000007	0
166	greedy	white	1	40	0.26710199999999995	1
166	greedy_trans	black	1	40	0.24732699999999994	-1
167	greedy	white	1	73	0.4427529999999998	0
167	greedy_trans	black	1	73	0.34590500000000013	0
168	greedy	white	1	66	0.39094999999999996	-1
168	greedy_trans	black	1	66	0.27451	1
169	greedy	white	1	48	0.414685	0
169	greedy_trans	black	1	48	0.21492999999999995	0
170	greedy	white	1	41	0.20211899999999997	0
170	greedy_trans	black	1	41	0.265958	0
171	greedy	white	1	81	0.314408	0
171	greedy_trans	black	1	81	0.3270739999999999	0
172	greedy	white	1	55	0.247963	0
172	greedy_trans	black	1	55	0.360494	0
173	greedy	white	1	59	0.2424259999999999	0
173	greedy_trans	black	1	59	0.34829499999999997	0
174	greedy	white	1	71	0.38734500000000016	1
174	greedy_trans	black	1	71	0.33052099999999995	-1
175	greedy	white	1	47	0.37534600000000007	1
175	greedy_trans	black	1	47	0.216158	-1
176	greedy	white	1	72	0.37452499999999994	1
176	greedy_trans	black	1	72	0.28185100000000013	-1
177	greedy	white	1	35	0.27585000000000004	-1
177	greedy_trans	black	1	35	0.2574929999999999	1
178	greedy	white	1	35	0.30656000000000005	1
178	greedy_trans	black	1	35	0.20770899999999998	-1
179	greedy	white	1	74	0.3366509999999999	0
179	greedy_trans	black	1	74	0.4118610000000001	0
180	greedy	white	1	73	0.3448270000000001	0
180	greedy_trans	black	1	73	0.40957299999999985	0
181	greedy	white	1	36	0.229984	1
181	greedy_trans	black	1	36	0.25806199999999996	-1
182	greedy	white	1	73	0.4438980000000002	0
182	greedy_trans	black	1	73	0.4941289999999999	0
183	greedy	white	1	89	0.3343390000000003	0
183	greedy_trans	black	1	89	0.4022620000000002	0
184	greedy	white	1	93	0.4039540000000001	0
184	greedy_trans	black	1	93	0.44352199999999986	0
185	greedy	white	1	88	0.47455400000000025	0
185	greedy_trans	black	1	88	0.33617199999999986	0
186	greedy	white	1	40	0.38791899999999996	1
186	greedy_trans	black	1	40	0.17500900000000003	-1
187	greedy	white	1	21	0.18321500000000004	1
187	greedy_trans	black	1	21	0.190866	-1
188	greedy	white	1	67	0.30342099999999994	0
188	greedy_trans	black	1	67	0.4149029999999998	0
189	greedy	white	1	73	0.37677300000000014	0
189	greedy_trans	black	1	73	0.3387470000000001	0
190	greedy	white	1	67	0.23803800000000003	1
190	greedy_trans	black	1	67	0.36222900000000013	-1
191	greedy	white	1	76	0.45683	1
191	greedy_trans	black	1	76	0.30666399999999994	-1
192	greedy	white	1	81	0.4889630000000001	0
192	greedy_trans	black	1	81	0.19786499999999999	0
193	greedy	white	1	50	0.37695900000000004	0
193	greedy_trans	black	1	50	0.24899800000000002	0
194	greedy	white	1	114	0.41342399999999996	0
194	greedy_trans	black	1	114	0.42380599999999996	0
195	greedy	white	1	62	0.34077300000000005	0
195	greedy_trans	black	1	62	0.21653	0
196	greedy	white	1	11	0.099006	1
196	greedy_trans	black	1	11	0.022217999999999998	-1
197	greedy	white	1	88	0.47798600000000013	0
197	greedy_trans	black	1	88	0.36585600000000007	0
198	greedy	white	1	44	0.40982999999999997	0
198	greedy_trans	black	1	44	0.202751	0
199	greedy	white	1	63	0.347094	0
199	greedy_trans	black	1	63	0.24709699999999993	0
200	greedy	white	1	67	0.2560219999999999	-1
200	greedy_trans	black	1	67	0.49186999999999986	1
201	greedy	white	1	69	0.341502	0
201	greedy_trans	black	1	69	0.23027299999999998	0
202	greedy	white	1	58	0.30288600000000004	-1
202	greedy_trans	black	1	58	0.20983699999999988	1
203	greedy	white	1	72	0.37194300000000013	0
203	greedy_trans	black	1	72	0.32481699999999997	0
204	greedy	white	1	139	0.6813669999999994	0
204	greedy_trans	black	1	139	0.4662920000000001	0
205	greedy	white	1	65	0.4740619999999999	1
205	greedy_trans	black	1	65	0.3174319999999998	-1
206	greedy	white	1	98	0.39769400000000005	0
206	greedy_trans	black	1	98	0.47785400000000006	0
207	greedy	white	1	11	0.069348	-1
207	greedy_trans	black	1	11	0.09796400000000001	1
208	greedy	white	1	56	0.29768	-1
208	greedy_trans	black	1	56	0.304033	1
209	greedy	white	1	88	0.4567609999999999	0
209	greedy_trans	black	1	88	0.3510589999999998	0
210	greedy	white	1	99	0.39675199999999994	0
210	greedy_trans	black	1	99	0.33732900000000005	0
211	greedy	white	1	60	0.32161199999999995	0
211	greedy_trans	black	1	60	0.288055	0
212	greedy	white	1	38	0.35952199999999995	1
212	greedy_trans	black	1	38	0.21348300000000006	-1
213	greedy	white	1	94	0.3815460000000001	0
213	greedy_trans	black	1	94	0.41586400000000007	0
214	greedy	white	1	66	0.3158480000000001	0
214	greedy_trans	black	1	66	0.3640000000000001	0
215	greedy	white	1	39	0.37672799999999984	0
215	greedy_trans	black	1	39	0.13890200000000003	0
216	greedy	white	1	62	0.48557799999999984	0
216	greedy_trans	black	1	62	0.257194	0
217	greedy	white	1	48	0.313394	0
217	greedy_trans	black	1	48	0.29679399999999995	0
218	greedy	white	1	61	0.27058099999999996	0
218	greedy_trans	black	1	61	0.37690399999999985	0
219	greedy	white	1	62	0.30448899999999995	-1
219	greedy_trans	black	1	62	0.34132599999999996	1
220	greedy	white	1	80	0.34691499999999986	0
220	greedy_trans	black	1	80	0.3581329999999999	0
221	greedy	white	1	43	0.21830600000000003	0
221	greedy_trans	black	1	43	0.328224	0
222	greedy	white	1	59	0.31777899999999987	0
222	greedy_trans	black	1	59	0.3617749999999999	0
223	greedy	white	1	63	0.28596799999999994	0
223	greedy_trans	black	1	63	0.2813550000000001	0
224	greedy	white	1	45	0.4040319999999999	0
224	greedy_trans	black	1	45	0.15353099999999997	0
225	greedy	white	1	92	0.4627180000000001	0
225	greedy_trans	black	1	92	0.35567600000000016	0
226	greedy	white	1	48	0.256038	1
226	greedy_trans	black	1	48	0.205899	-1
227	greedy	white	1	73	0.366147	1
227	greedy_trans	black	1	73	0.3499380000000001	-1
228	greedy	white	1	80	0.3490229999999998	0
228	greedy_trans	black	1	80	0.46193900000000004	0
229	greedy	white	1	130	0.48071399999999986	0
229	greedy_trans	black	1	130	0.7386199999999999	0
230	greedy	white	1	39	0.183258	0
230	greedy_trans	black	1	39	0.255358	0
231	greedy	white	1	97	0.36482100000000006	1
231	greedy_trans	black	1	97	0.3840139999999999	-1
232	greedy	white	1	22	0.149248	0
232	greedy_trans	black	1	22	0.188094	0
233	greedy	white	1	77	0.5531610000000001	1
233	greedy_trans	black	1	77	0.28364599999999995	-1
234	greedy	white	1	47	0.254252	0
234	greedy_trans	black	1	47	0.24929100000000007	0
235	greedy	white	1	46	0.30993699999999996	0
235	greedy_trans	black	1	46	0.2737389999999999	0
236	greedy	white	1	49	0.23880800000000008	0
236	greedy_trans	black	1	49	0.22806199999999996	0
237	greedy	white	1	56	0.4162140000000002	0
237	greedy_trans	black	1	56	0.21551699999999993	0
238	greedy	white	1	35	0.16917200000000004	0
238	greedy_trans	black	1	35	0.238692	0
239	greedy	white	1	61	0.3289909999999999	0
239	greedy_trans	black	1	61	0.283565	0
240	greedy	white	1	54	0.237974	0
240	greedy_trans	black	1	54	0.2465940000000001	0
241	greedy	white	1	98	0.4148690000000001	0
241	greedy_trans	black	1	98	0.4782289999999999	0
242	greedy	white	1	86	0.2797770000000001	1
242	greedy_trans	black	1	86	0.447743	-1
243	greedy	white	1	8	0.064721	-1
243	greedy_trans	black	1	8	0.03531499999999999	1
244	greedy	white	1	50	0.297167	0
244	greedy_trans	black	1	50	0.23148400000000013	0
245	greedy	white	1	44	0.19690000000000002	0
245	greedy_trans	black	1	44	0.3252679999999999	0
246	greedy	white	1	67	0.464705	1
246	greedy_trans	black	1	67	0.2654019999999999	-1
247	greedy	white	1	41	0.27680899999999997	1
247	greedy_trans	black	1	41	0.21585200000000007	-1
248	greedy	white	1	71	0.3389529999999998	-1
248	greedy_trans	black	1	71	0.6315910000000001	1
249	greedy	white	1	64	0.272824	0
249	greedy_trans	black	1	64	0.3156400000000001	0
250	greedy	white	1	78	0.28767299999999985	0
250	greedy_trans	black	1	78	0.26515199999999994	0
251	greedy	white	1	72	0.4725650000000002	0
251	greedy_trans	black	1	72	0.332494	0
252	greedy	white	1	56	0.35153199999999984	1
252	greedy_trans	black	1	56	0.279112	-1
253	greedy	white	1	49	0.2977699999999999	0
253	greedy_trans	black	1	49	0.24517000000000008	0
254	greedy	white	1	65	0.30381600000000003	0
254	greedy_trans	black	1	65	0.3276090000000001	0
255	greedy	white	1	69	0.251519	1
255	greedy_trans	black	1	69	0.3230240000000001	-1
256	greedy	white	1	91	0.3322150000000002	-1
256	greedy_trans	black	1	91	0.56753	1
257	greedy	white	1	65	0.37655300000000014	0
257	greedy_trans	black	1	65	0.25364999999999993	0
258	greedy	white	1	86	0.452014	0
258	greedy_trans	black	1	86	0.36426699999999973	0
259	greedy	white	1	58	0.22180200000000003	-1
259	greedy_trans	black	1	58	0.25010999999999994	1
260	greedy	white	1	13	0.067908	-1
260	greedy_trans	black	1	13	0.14307799999999998	1
261	greedy	white	1	42	0.18910899999999997	-1
261	greedy_trans	black	1	42	0.277571	1
262	greedy	white	1	27	0.12042599999999999	-1
262	greedy_trans	black	1	27	0.21691899999999997	1
263	greedy	white	1	66	0.3872510000000002	0
263	greedy_trans	black	1	66	0.33995200000000014	0
264	greedy	white	1	15	0.152581	1
264	greedy_trans	black	1	15	0.081267	-1
265	greedy	white	1	42	0.25652800000000003	0
265	greedy_trans	black	1	42	0.26806900000000006	0
266	greedy	white	1	56	0.31740500000000005	0
266	greedy_trans	black	1	56	0.2485580000000001	0
267	greedy	white	1	42	0.277669	-1
267	greedy_trans	black	1	42	0.23983099999999993	1
268	greedy	white	1	48	0.24172099999999996	0
268	greedy_trans	black	1	48	0.44148799999999994	0
269	greedy	white	1	120	0.5849960000000001	0
269	greedy_trans	black	1	120	0.4013059999999998	0
270	greedy	white	1	80	0.3212189999999999	0
270	greedy_trans	black	1	80	0.24637499999999993	0
271	greedy	white	1	37	0.23229699999999995	0
271	greedy_trans	black	1	37	0.212031	0
272	greedy	white	1	42	0.257165	0
272	greedy_trans	black	1	42	0.23442200000000005	0
273	greedy	white	1	5	0.031992	-1
273	greedy_trans	black	1	5	0.034971	1
274	greedy	white	1	46	0.32169800000000004	0
274	greedy_trans	black	1	46	0.12417	0
275	greedy	white	1	72	0.3109630000000001	0
275	greedy_trans	black	1	72	0.47195200000000004	0
276	greedy	white	1	48	0.237279	0
276	greedy_trans	black	1	48	0.28977600000000003	0
277	greedy	white	1	100	0.43880299999999994	1
277	greedy_trans	black	1	100	0.236353	-1
278	greedy	white	1	25	0.22803900000000002	1
278	greedy_trans	black	1	25	0.168561	-1
279	greedy	white	1	61	0.38519500000000007	1
279	greedy_trans	black	1	61	0.210242	-1
280	greedy	white	1	50	0.31430099999999983	1
280	greedy_trans	black	1	50	0.23611600000000002	-1
281	greedy	white	1	94	0.32136599999999993	0
281	greedy_trans	black	1	94	0.4182599999999999	0
282	greedy	white	1	25	0.25342800000000004	1
282	greedy_trans	black	1	25	0.09269500000000003	-1
283	greedy	white	1	94	0.541669	1
283	greedy_trans	black	1	94	0.283021	-1
284	greedy	white	1	13	0.12177400000000001	1
284	greedy_trans	black	1	13	0.071695	-1
285	greedy	white	1	31	0.281219	0
285	greedy_trans	black	1	31	0.14314099999999996	0
286	greedy	white	1	83	0.26322099999999987	0
286	greedy_trans	black	1	83	0.6369140000000002	0
287	greedy	white	1	78	0.47916500000000006	1
287	greedy_trans	black	1	78	0.2537090000000001	-1
288	greedy	white	1	28	0.20236300000000002	0
288	greedy_trans	black	1	28	0.167827	0
289	greedy	white	1	48	0.19973500000000008	0
289	greedy_trans	black	1	48	0.29393499999999995	0
290	greedy	white	1	65	0.3406570000000001	0
290	greedy_trans	black	1	65	0.27439700000000006	0
291	greedy	white	1	61	0.2891689999999999	1
291	greedy_trans	black	1	61	0.3152810000000001	-1
292	greedy	white	1	5	0.04191400000000001	-1
292	greedy_trans	black	1	5	0.041032	1
293	greedy	white	1	58	0.34555699999999995	0
293	greedy_trans	black	1	58	0.4087760000000001	0
294	greedy	white	1	38	0.224416	-1
294	greedy_trans	black	1	38	0.288586	1
295	greedy	white	1	70	0.289382	0
295	greedy_trans	black	1	70	0.32789300000000005	0
296	greedy	white	1	149	0.5117240000000003	0
296	greedy_trans	black	1	149	0.5913279999999996	0
297	greedy	white	1	54	0.2679069999999999	1
297	greedy_trans	black	1	54	0.23743199999999998	-1
298	greedy	white	1	60	0.340154	0
298	greedy_trans	black	1	60	0.34177099999999994	0
299	greedy	white	1	33	0.250151	0
299	greedy_trans	black	1	33	0.16161599999999998	0
