game_number	agent_type	agent_color	agent_depth	agent_num_moves	agent_decision_time	game_result
0	greedy	white	1	66	0.31898899999999997	-1
0	greedy_trans	black	1	66	0.41480500000000003	1
1	greedy	white	1	36	0.20970599999999995	-1
1	greedy_trans	black	1	36	0.24536100000000002	1
2	greedy	white	1	25	0.17678599999999997	-1
2	greedy_trans	black	1	25	0.20227399999999998	1
3	greedy	white	1	17	0.14477399999999999	-1
3	greedy_trans	black	1	17	0.128563	1
4	greedy	white	1	84	0.3916639999999999	1
4	greedy_trans	black	1	84	0.38328899999999994	-1
5	greedy	white	1	57	0.278716	0
5	greedy_trans	black	1	57	0.28549399999999997	0
6	greedy	white	1	96	0.39479500000000006	0
6	greedy_trans	black	1	96	0.4541990000000002	0
7	greedy	white	1	63	0.3036929999999999	-1
7	greedy_trans	black	1	63	0.337291	1
8	greedy	white	1	15	0.18751299999999999	0
8	greedy_trans	black	1	15	0.078892	0
9	greedy	white	1	29	0.203143	0
9	greedy_trans	black	1	29	0.21843499999999996	0
10	greedy	white	1	59	0.25997100000000006	0
10	greedy_trans	black	1	59	0.3245660000000001	0
11	greedy	white	1	36	0.2954979999999999	1
11	greedy_trans	black	1	36	0.24411700000000006	-1
12	greedy	white	1	58	0.347931	0
12	greedy_trans	black	1	58	0.22265700000000002	0
13	greedy	white	1	43	0.193201	-1
13	greedy_trans	black	1	43	0.24621900000000002	1
14	greedy	white	1	74	0.340683	0
14	greedy_trans	black	1	74	0.3492719999999997	0
15	greedy	white	1	38	0.28546	1
15	greedy_trans	black	1	38	0.23678700000000005	-1
16	greedy	white	1	15	0.047409	0
16	greedy_trans	black	1	15	0.126404	0
17	greedy	white	1	95	0.5284259999999998	0
17	greedy_trans	black	1	95	0.42882199999999987	0
18	greedy	white	1	7	0.057777	-1
18	greedy_trans	black	1	7	0.05316	1
19	greedy	white	1	65	0.36903800000000014	0
19	greedy_trans	black	1	65	0.34895899999999996	0
20	greedy	white	1	61	0.4456269999999999	-1
20	greedy_trans	black	1	61	0.29581100000000005	1
21	greedy	white	1	51	0.22122599999999998	-1
21	greedy_trans	black	1	51	0.323003	1
22	greedy	white	1	27	0.225332	1
22	greedy_trans	black	1	27	0.198006	-1
23	greedy	white	1	52	0.4113530000000001	0
23	greedy_trans	black	1	52	0.3418829999999999	0
24	greedy	white	1	49	0.441172	0
24	greedy_trans	black	1	49	0.241393	0
25	greedy	white	1	66	0.37759600000000015	0
25	greedy_trans	black	1	66	0.40487199999999984	0
26	greedy	white	1	40	0.35230799999999995	-1
26	greedy_trans	black	1	40	0.23594899999999996	1
27	greedy	white	1	56	0.43707100000000004	1
27	greedy_trans	black	1	56	0.237355	-1
28	greedy	white	1	45	0.33960499999999993	0
28	greedy_trans	black	1	45	0.20922300000000002	0
29	greedy	white	1	46	0.41906699999999986	1
29	greedy_trans	black	1	46	0.23399899999999996	-1
30	greedy	white	1	47	0.446482	0
30	greedy_trans	black	1	47	0.22344300000000009	0
31	greedy	white	1	33	0.253141	0
31	greedy_trans	black	1	33	0.24587799999999999	0
32	greedy	white	1	94	0.47050399999999976	1
32	greedy_trans	black	1	94	0.405809	-1
33	greedy	white	1	28	0.16895700000000002	0
33	greedy_trans	black	1	28	0.19764400000000001	0
34	greedy	white	1	46	0.2682069999999999	0
34	greedy_trans	black	1	46	0.28993500000000005	0
35	greedy	white	1	22	0.059174000000000004	0
35	greedy_trans	black	1	22	0.191288	0
36	greedy	white	1	73	0.42299000000000003	0
36	greedy_trans	black	1	73	0.3126249999999999	0
37	greedy	white	1	19	0.200069	1
37	greedy_trans	black	1	19	0.14636600000000005	-1
38	greedy	white	1	45	0.24893400000000002	0
38	greedy_trans	black	1	45	0.2588750000000001	0
39	greedy	white	1	147	0.4949219999999998	0
39	greedy_trans	black	1	147	0.5099650000000003	0
40	greedy	white	1	72	0.4713070000000002	0
40	greedy_trans	black	1	72	0.3313990000000001	0
41	greedy	white	1	43	0.213506	0
41	greedy_trans	black	1	43	0.23560900000000007	0
42	greedy	white	1	74	0.646802	0
42	greedy_trans	black	1	74	0.21851200000000004	0
43	greedy	white	1	50	0.423105	0
43	greedy_trans	black	1	50	0.19890100000000002	0
44	greedy	white	1	49	0.521054	0
44	greedy_trans	black	1	49	0.212351	0
45	greedy	white	1	93	0.43644300000000014	1
45	greedy_trans	black	1	93	0.6447660000000002	-1
46	greedy	white	1	69	0.5110450000000002	0
46	greedy_trans	black	1	69	0.22336700000000007	0
47	greedy	white	1	50	0.332656	0
47	greedy_trans	black	1	50	0.19676399999999997	0
48	greedy	white	1	37	0.20532599999999995	-1
48	greedy_trans	black	1	37	0.27950800000000003	1
49	greedy	white	1	73	0.34066399999999997	0
49	greedy_trans	black	1	73	0.23444199999999998	0
50	greedy	white	1	73	0.2586739999999999	0
50	greedy_trans	black	1	73	0.5747910000000002	0
51	greedy	white	1	76	0.40311600000000003	0
51	greedy_trans	black	1	76	0.308859	0
52	greedy	white	1	74	0.46025799999999994	0
52	greedy_trans	black	1	74	0.29500900000000013	0
53	greedy	white	1	57	0.416775	0
53	greedy_trans	black	1	57	0.319971	0
54	greedy	white	1	86	0.418516	0
54	greedy_trans	black	1	86	0.432292	0
55	greedy	white	1	53	0.278931	0
55	greedy_trans	black	1	53	0.32609299999999997	0
56	greedy	white	1	47	0.25558300000000006	1
56	greedy_trans	black	1	47	0.2767200000000001	-1
57	greedy	white	1	54	0.3846190000000001	0
57	greedy_trans	black	1	54	0.3125290000000001	0
58	greedy	white	1	64	0.32164699999999985	0
58	greedy_trans	black	1	64	0.2757260000000001	0
59	greedy	white	1	31	0.20517500000000002	0
59	greedy_trans	black	1	31	0.27871	0
60	greedy	white	1	117	0.44807600000000003	0
60	greedy_trans	black	1	117	0.4202740000000001	0
61	greedy	white	1	76	0.4109789999999999	0
61	greedy_trans	black	1	76	0.3699459999999997	0
62	greedy	white	1	58	0.423025	0
62	greedy_trans	black	1	58	0.2712320000000001	0
63	greedy	white	1	42	0.30255299999999996	0
63	greedy_trans	black	1	42	0.31276400000000004	0
64	greedy	white	1	92	0.377265	0
64	greedy_trans	black	1	92	0.37327900000000025	0
65	greedy	white	1	85	0.4608860000000002	0
65	greedy_trans	black	1	85	0.3783740000000002	0
66	greedy	white	1	68	0.3452239999999998	1
66	greedy_trans	black	1	68	0.285772	-1
67	greedy	white	1	112	0.6437940000000001	0
67	greedy_trans	black	1	112	0.4631959999999999	0
68	greedy	white	1	79	0.37684799999999996	0
68	greedy_trans	black	1	79	0.432052	0
69	greedy	white	1	82	0.49603100000000006	0
69	greedy_trans	black	1	82	0.3878960000000002	0
70	greedy	white	1	47	0.2423740000000001	-1
70	greedy_trans	black	1	47	0.35131900000000005	1
71	greedy	white	1	45	0.421894	1
71	greedy_trans	black	1	45	0.16921799999999998	-1
72	greedy	white	1	49	0.456141	0
72	greedy_trans	black	1	49	0.22472599999999995	0
73	greedy	white	1	70	0.3074160000000001	0
73	greedy_trans	black	1	70	0.38915399999999994	0
74	greedy	white	1	29	0.254459	0
74	greedy_trans	black	1	29	0.19191799999999998	0
75	greedy	white	1	83	0.7342169999999999	0
75	greedy_trans	black	1	83	0.3279610000000001	0
76	greedy	white	1	86	0.4176700000000001	0
76	greedy_trans	black	1	86	0.5794309999999998	0
77	greedy	white	1	5	0.041586000000000005	-1
77	greedy_trans	black	1	5	0.03262	1
78	greedy	white	1	37	0.166217	0
78	greedy_trans	black	1	37	0.24550399999999997	0
79	greedy	white	1	57	0.37216	0
79	greedy_trans	black	1	57	0.18647300000000003	0
80	greedy	white	1	63	0.45181	0
80	greedy_trans	black	1	63	0.34089899999999995	0
81	greedy	white	1	63	0.27528199999999997	0
81	greedy_trans	black	1	63	0.3907219999999999	0
82	greedy	white	1	7	0.06823599999999999	-1
82	greedy_trans	black	1	7	0.059660000000000005	1
83	greedy	white	1	46	0.307351	-1
83	greedy_trans	black	1	46	0.23733	1
84	greedy	white	1	56	0.26973499999999995	0
84	greedy_trans	black	1	56	0.32124199999999997	0
85	greedy	white	1	3	0.023634000000000002	-1
85	greedy_trans	black	1	3	0.010837999999999999	1
86	greedy	white	1	54	0.22116299999999992	0
86	greedy_trans	black	1	54	0.469229	0
87	greedy	white	1	20	0.11801199999999999	-1
87	greedy_trans	black	1	20	0.18687399999999993	1
88	greedy	white	1	49	0.250769	0
88	greedy_trans	black	1	49	0.24244000000000002	0
89	greedy	white	1	96	0.48335399999999984	0
89	greedy_trans	black	1	96	0.329419	0
90	greedy	white	1	47	0.201445	0
90	greedy_trans	black	1	47	0.5072500000000001	0
91	greedy	white	1	87	0.30412100000000003	0
91	greedy_trans	black	1	87	0.40132999999999996	0
92	greedy	white	1	75	0.3754070000000001	0
92	greedy_trans	black	1	75	0.333238	0
93	greedy	white	1	48	0.21211999999999998	0
93	greedy_trans	black	1	48	0.35141	0
94	greedy	white	1	56	0.35888600000000004	0
94	greedy_trans	black	1	56	0.18366699999999994	0
95	greedy	white	1	18	0.14531500000000006	-1
95	greedy_trans	black	1	18	0.14168500000000003	1
96	greedy	white	1	84	0.47620299999999977	0
96	greedy_trans	black	1	84	0.385042	0
97	greedy	white	1	27	0.14061099999999999	-1
97	greedy_trans	black	1	27	0.2915269999999999	1
98	greedy	white	1	54	0.3294129999999998	0
98	greedy_trans	black	1	54	0.41014200000000006	0
99	greedy	white	1	73	0.3272710000000001	0
99	greedy_trans	black	1	73	0.149448	0
100	greedy	white	1	85	0.3858030000000001	0
100	greedy_trans	black	1	85	0.5365550000000002	0
101	greedy	white	1	64	0.3779900000000001	0
101	greedy_trans	black	1	64	0.3109469999999999	0
102	greedy	white	1	76	0.417339	0
102	greedy_trans	black	1	76	0.45121100000000014	0
103	greedy	white	1	20	0.16465800000000003	1
103	greedy_trans	black	1	20	0.17166499999999996	-1
104	greedy	white	1	96	0.4250159999999997	-1
104	greedy_trans	black	1	96	0.4276100000000001	1
105	greedy	white	1	32	0.25073700000000004	-1
105	greedy_trans	black	1	32	0.200313	1
106	greedy	white	1	50	0.22447599999999995	-1
106	greedy_trans	black	1	50	0.469645	1
107	greedy	white	1	72	0.40016000000000007	0
107	greedy_trans	black	1	72	0.23232700000000003	0
108	greedy	white	1	55	0.36485800000000007	0
108	greedy_trans	black	1	55	0.246992	0
109	greedy	white	1	48	0.24364900000000006	0
109	greedy_trans	black	1	48	0.28835200000000005	0
110	greedy	white	1	39	0.3725390000000001	1
110	greedy_trans	black	1	39	0.19528500000000004	-1
111	greedy	white	1	126	0.5605220000000001	0
111	greedy_trans	black	1	126	0.6591220000000003	0
112	greedy	white	1	45	0.333045	1
112	greedy_trans	black	1	45	0.20292799999999991	-1
113	greedy	white	1	67	0.347504	1
113	greedy_trans	black	1	67	0.33446299999999984	-1
114	greedy	white	1	70	0.31386699999999995	0
114	greedy_trans	black	1	70	0.37660299999999997	0
115	greedy	white	1	29	0.16575599999999996	-1
115	greedy_trans	black	1	29	0.23379499999999998	1
116	greedy	white	1	51	0.35244600000000004	0
116	greedy_trans	black	1	51	0.26574200000000014	0
117	greedy	white	1	81	0.329754	1
117	greedy_trans	black	1	81	0.3649320000000001	-1
118	greedy	white	1	107	0.4098070000000001	0
118	greedy_trans	black	1	107	0.32279000000000013	0
119	greedy	white	1	75	0.456049	0
119	greedy_trans	black	1	75	0.31176899999999985	0
120	greedy	white	1	83	0.309893	0
120	greedy_trans	black	1	83	0.35986999999999975	0
121	greedy	white	1	67	0.38150999999999996	0
121	greedy_trans	black	1	67	0.35847099999999993	0
122	greedy	white	1	73	0.389009	-1
122	greedy_trans	black	1	73	0.2743670000000001	1
123	greedy	white	1	45	0.3388939999999999	0
123	greedy_trans	black	1	45	0.14800199999999997	0
124	greedy	white	1	55	0.3649720000000001	0
124	greedy_trans	black	1	55	0.20383699999999993	0
125	greedy	white	1	135	0.6399950000000004	0
125	greedy_trans	black	1	135	0.4825760000000002	0
126	greedy	white	1	78	0.3350650000000001	0
126	greedy_trans	black	1	78	0.3300810000000002	0
127	greedy	white	1	5	0.030398	-1
127	greedy_trans	black	1	5	0.039463000000000005	1
128	greedy	white	1	72	0.578294	0
128	greedy_trans	black	1	72	0.2433539999999999	0
129	greedy	white	1	64	0.37852400000000014	0
129	greedy_trans	black	1	64	0.30327200000000004	0
130	greedy	white	1	46	0.214255	0
130	greedy_trans	black	1	46	0.28928699999999996	0
131	greedy	white	1	63	0.5382790000000002	0
131	greedy_trans	black	1	63	0.30881000000000014	0
132	greedy	white	1	30	0.184388	1
132	greedy_trans	black	1	30	0.234182	-1
133	greedy	white	1	76	0.3769250000000001	0
133	greedy_trans	black	1	76	0.30649200000000004	0
134	greedy	white	1	72	0.32448699999999997	0
134	greedy_trans	black	1	72	0.40131	0
135	greedy	white	1	64	0.35738899999999996	1
135	greedy_trans	black	1	64	0.25140200000000007	-1
136	greedy	white	1	96	0.5109950000000002	0
136	greedy_trans	black	1	96	0.2729309999999999	0
137	greedy	white	1	125	0.5949410000000004	0
137	greedy_trans	black	1	125	0.3535410000000001	0
138	greedy	white	1	37	0.22842600000000002	0
138	greedy_trans	black	1	37	0.33507800000000004	0
139	greedy	white	1	6	0.038694000000000006	-1
139	greedy_trans	black	1	6	0.042900999999999995	1
140	greedy	white	1	75	0.30839400000000006	0
140	greedy_trans	black	1	75	0.4725759999999999	0
141	greedy	white	1	60	0.290146	-1
141	greedy_trans	black	1	60	0.44423999999999986	1
142	greedy	white	1	77	0.5319230000000001	0
142	greedy_trans	black	1	77	0.2639539999999999	0
143	greedy	white	1	110	0.38506700000000027	0
143	greedy_trans	black	1	110	0.3935429999999999	0
144	greedy	white	1	85	0.334592	0
144	greedy_trans	black	1	85	0.5046219999999999	0
145	greedy	white	1	51	0.21916599999999997	0
145	greedy_trans	black	1	51	0.3386249999999999	0
146	greedy	white	1	36	0.23770800000000003	0
146	greedy_trans	black	1	36	0.26510599999999995	0
147	greedy	white	1	60	0.34341499999999986	0
147	greedy_trans	black	1	60	0.25855100000000003	0
148	greedy	white	1	50	0.30402599999999996	0
148	greedy_trans	black	1	50	0.31027399999999994	0
149	greedy	white	1	55	0.40134099999999995	0
149	greedy_trans	black	1	55	0.205513	0
150	greedy	white	1	67	0.2554329999999999	-1
150	greedy_trans	black	1	67	0.4776639999999998	1
151	greedy	white	1	50	0.36801	1
151	greedy_trans	black	1	50	0.17190800000000003	-1
152	greedy	white	1	81	0.37163400000000013	0
152	greedy_trans	black	1	81	0.4102909999999999	0
153	greedy	white	1	43	0.17995799999999998	0
153	greedy_trans	black	1	43	0.212399	0
154	greedy	white	1	77	0.3816399999999998	0
154	greedy_trans	black	1	77	0.3739050000000002	0
155	greedy	white	1	29	0.22371700000000003	-1
155	greedy_trans	black	1	29	0.16938299999999995	1
156	greedy	white	1	54	0.306981	-1
156	greedy_trans	black	1	54	0.3009020000000001	1
157	greedy	white	1	15	0.161483	1
157	greedy_trans	black	1	15	0.085656	-1
158	greedy	white	1	129	0.486358	0
158	greedy_trans	black	1	129	0.39799999999999996	0
159	greedy	white	1	65	0.2927710000000001	-1
159	greedy_trans	black	1	65	0.397646	1
160	greedy	white	1	90	0.3802419999999998	0
160	greedy_trans	black	1	90	0.35587900000000006	0
161	greedy	white	1	40	0.294956	0
161	greedy_trans	black	1	40	0.221786	0
162	greedy	white	1	82	0.41736499999999993	-1
162	greedy_trans	black	1	82	0.223179	1
163	greedy	white	1	39	0.33363200000000004	1
163	greedy_trans	black	1	39	0.16354699999999997	-1
164	greedy	white	1	23	0.22624899999999998	0
164	greedy_trans	black	1	23	0.09175199999999997	0
165	greedy	white	1	69	0.271024	0
165	greedy_trans	black	1	69	0.4344380000000001	0
166	greedy	white	1	77	0.35091300000000003	0
166	greedy_trans	black	1	77	0.352021	0
167	greedy	white	1	71	0.4084319999999999	1
167	greedy_trans	black	1	71	0.3923369999999999	-1
168	greedy	white	1	49	0.40543999999999997	0
168	greedy_trans	black	1	49	0.3104179999999999	0
169	greedy	white	1	65	0.368385	0
169	greedy_trans	black	1	65	0.2772429999999999	0
170	greedy	white	1	58	0.238716	0
170	greedy_trans	black	1	58	0.31909500000000013	0
171	greedy	white	1	5	0.039172	1
171	greedy_trans	black	1	5	0.013089	-1
172	greedy	white	1	58	0.23670100000000002	1
172	greedy_trans	black	1	58	0.319583	-1
173	greedy	white	1	52	0.4239269999999998	1
173	greedy_trans	black	1	52	0.20097399999999999	-1
174	greedy	white	1	54	0.298713	1
174	greedy_trans	black	1	54	0.1936570000000001	-1
175	greedy	white	1	30	0.210106	0
175	greedy_trans	black	1	30	0.181845	0
176	greedy	white	1	69	0.31941699999999995	0
176	greedy_trans	black	1	69	0.2537459999999999	0
177	greedy	white	1	32	0.314785	0
177	greedy_trans	black	1	32	0.164049	0
178	greedy	white	1	75	0.398586	-1
178	greedy_trans	black	1	75	0.23946599999999993	1
179	greedy	white	1	16	0.096246	-1
179	greedy_trans	black	1	16	0.12187900000000002	1
180	greedy	white	1	114	0.7279600000000002	0
180	greedy_trans	black	1	114	0.29987500000000006	0
181	greedy	white	1	77	0.4551249999999999	0
181	greedy_trans	black	1	77	0.4403849999999998	0
182	greedy	white	1	41	0.2707829999999999	0
182	greedy_trans	black	1	41	0.23416099999999995	0
183	greedy	white	1	71	0.35621300000000017	0
183	greedy_trans	black	1	71	0.45452200000000026	0
184	greedy	white	1	83	0.250743	0
184	greedy_trans	black	1	83	0.5754480000000002	0
185	greedy	white	1	252	0.7819909999999998	1
185	greedy_trans	black	1	252	0.8345219999999998	-1
186	greedy	white	1	28	0.18083400000000002	0
186	greedy_trans	black	1	28	0.184486	0
187	greedy	white	1	84	0.6370920000000001	1
187	greedy_trans	black	1	84	0.3308109999999999	-1
188	greedy	white	1	52	0.37160799999999994	0
188	greedy_trans	black	1	52	0.23454699999999998	0
189	greedy	white	1	108	0.36507799999999996	0
189	greedy_trans	black	1	108	0.42877600000000027	0
190	greedy	white	1	98	0.3637899999999998	1
190	greedy_trans	black	1	98	0.3985930000000003	-1
191	greedy	white	1	51	0.377072	1
191	greedy_trans	black	1	51	0.26287000000000005	-1
192	greedy	white	1	10	0.081033	-1
192	greedy_trans	black	1	10	0.068631	1
193	greedy	white	1	107	0.46639800000000015	0
193	greedy_trans	black	1	107	0.4844860000000001	0
194	greedy	white	1	51	0.22965	1
194	greedy_trans	black	1	51	0.3796699999999999	-1
195	greedy	white	1	37	0.240428	1
195	greedy_trans	black	1	37	0.252417	-1
196	greedy	white	1	143	0.659333	0
196	greedy_trans	black	1	143	0.5900019999999999	0
197	greedy	white	1	53	0.293658	0
197	greedy_trans	black	1	53	0.3973290000000001	0
198	greedy	white	1	27	0.24288300000000002	0
198	greedy_trans	black	1	27	0.10409099999999999	0
199	greedy	white	1	79	0.2727490000000001	0
199	greedy_trans	black	1	79	0.32211300000000015	0
200	greedy	white	1	55	0.39179500000000006	0
200	greedy_trans	black	1	55	0.22254499999999994	0
201	greedy	white	1	90	0.4591570000000002	0
201	greedy_trans	black	1	90	0.3579450000000002	0
202	greedy	white	1	56	0.503602	0
202	greedy_trans	black	1	56	0.144801	0
203	greedy	white	1	40	0.250379	0
203	greedy_trans	black	1	40	0.293435	0
204	greedy	white	1	43	0.352872	1
204	greedy_trans	black	1	43	0.21725600000000003	-1
205	greedy	white	1	33	0.22820900000000005	0
205	greedy_trans	black	1	33	0.307819	0
206	greedy	white	1	35	0.269019	0
206	greedy_trans	black	1	35	0.14716700000000008	0
207	greedy	white	1	55	0.29144099999999995	0
207	greedy_trans	black	1	55	0.37290399999999996	0
208	greedy	white	1	63	0.29927300000000007	1
208	greedy_trans	black	1	63	0.336402	-1
209	greedy	white	1	62	0.45857000000000003	0
209	greedy_trans	black	1	62	0.26687399999999983	0
210	greedy	white	1	68	0.2952679999999999	0
210	greedy_trans	black	1	68	0.42454299999999984	0
211	greedy	white	1	96	0.35706999999999983	0
211	greedy_trans	black	1	96	0.19402199999999997	0
212	greedy	white	1	30	0.187553	-1
212	greedy_trans	black	1	30	0.357782	1
213	greedy	white	1	68	0.24823600000000007	0
213	greedy_trans	black	1	68	0.42748499999999984	0
214	greedy	white	1	56	0.35622500000000007	0
214	greedy_trans	black	1	56	0.20068800000000006	0
215	greedy	white	1	39	0.22413999999999995	0
215	greedy_trans	black	1	39	0.232887	0
216	greedy	white	1	32	0.18471499999999993	-1
216	greedy_trans	black	1	32	0.23782999999999999	1
217	greedy	white	1	82	0.45138900000000004	1
217	greedy_trans	black	1	82	0.40750200000000003	-1
218	greedy	white	1	36	0.252064	0
218	greedy_trans	black	1	36	0.3010519999999999	0
219	greedy	white	1	61	0.5910369999999999	-1
219	greedy_trans	black	1	61	0.25122899999999987	1
220	greedy	white	1	32	0.14503399999999997	0
220	greedy_trans	black	1	32	0.2854339999999999	0
221	greedy	white	1	34	0.2973839999999999	0
221	greedy_trans	black	1	34	0.18896400000000002	0
222	greedy	white	1	46	0.33988799999999997	0
222	greedy_trans	black	1	46	0.23757100000000003	0
223	greedy	white	1	79	0.37108099999999994	-1
223	greedy_trans	black	1	79	0.32955799999999996	1
224	greedy	white	1	80	0.434171	1
224	greedy_trans	black	1	80	0.286383	-1
225	greedy	white	1	71	0.32660600000000006	0
225	greedy_trans	black	1	71	0.4451759999999999	0
226	greedy	white	1	121	0.4958580000000002	0
226	greedy_trans	black	1	121	0.4435049999999999	0
227	greedy	white	1	69	0.2708029999999999	0
227	greedy_trans	black	1	69	0.229806	0
228	greedy	white	1	59	0.27577	0
228	greedy_trans	black	1	59	0.3081159999999999	0
229	greedy	white	1	80	0.326698	0
229	greedy_trans	black	1	80	0.35812400000000016	0
230	greedy	white	1	69	0.36468000000000017	0
230	greedy_trans	black	1	69	0.4456229999999998	0
231	greedy	white	1	119	0.378973	0
231	greedy_trans	black	1	119	0.43040100000000003	0
232	greedy	white	1	57	0.41030099999999997	1
232	greedy_trans	black	1	57	0.24267799999999995	-1
233	greedy	white	1	70	0.24686500000000008	-1
233	greedy_trans	black	1	70	0.5338120000000001	1
234	greedy	white	1	52	0.32900300000000005	-1
234	greedy_trans	black	1	52	0.26103199999999993	1
235	greedy	white	1	102	0.3861489999999998	0
235	greedy_trans	black	1	102	0.3779130000000001	0
236	greedy	white	1	61	0.2737249999999999	-1
236	greedy_trans	black	1	61	0.33291699999999985	1
237	greedy	white	1	39	0.251428	0
237	greedy_trans	black	1	39	0.280882	0
238	greedy	white	1	19	0.144113	-1
238	greedy_trans	black	1	19	0.16371600000000003	1
239	greedy	white	1	52	0.30905299999999997	1
239	greedy_trans	black	1	52	0.230232	-1
240	greedy	white	1	51	0.31681899999999996	1
240	greedy_trans	black	1	51	0.264303	-1
241	greedy	white	1	38	0.34648500000000004	0
241	greedy_trans	black	1	38	0.20592599999999997	0
242	greedy	white	1	97	0.47294899999999995	1
242	greedy_trans	black	1	97	0.38105399999999995	-1
243	greedy	white	1	101	0.44987499999999997	1
243	greedy_trans	black	1	101	0.4022319999999998	-1
244	greedy	white	1	41	0.40168099999999995	0
244	greedy_trans	black	1	41	0.12962600000000002	0
245	greedy	white	1	44	0.22365800000000005	-1
245	greedy_trans	black	1	44	0.2590540000000002	1
246	greedy	white	1	102	0.5837030000000002	0
246	greedy_trans	black	1	102	0.3489209999999999	0
247	greedy	white	1	50	0.3246419999999998	1
247	greedy_trans	black	1	50	0.233187	-1
248	greedy	white	1	136	0.6114370000000003	0
248	greedy_trans	black	1	136	0.438686	0
249	greedy	white	1	65	0.33643699999999993	-1
249	greedy_trans	black	1	65	0.234931	1
250	greedy	white	1	105	0.3730240000000001	0
250	greedy_trans	black	1	105	0.33653900000000003	0
251	greedy	white	1	50	0.22526299999999994	-1
251	greedy_trans	black	1	50	0.2787990000000001	1
252	greedy	white	1	51	0.257689	0
252	greedy_trans	black	1	51	0.3462439999999999	0
253	greedy	white	1	79	0.36402900000000005	0
253	greedy_trans	black	1	79	0.416746	0
254	greedy	white	1	34	0.296705	-1
254	greedy_trans	black	1	34	0.23053800000000005	1
255	greedy	white	1	67	0.379059	0
255	greedy_trans	black	1	67	0.345754	0
256	greedy	white	1	48	0.22754500000000005	0
256	greedy_trans	black	1	48	0.300191	0
257	greedy	white	1	50	0.329067	0
257	greedy_trans	black	1	50	0.25742599999999993	0
258	greedy	white	1	40	0.2681009999999999	-1
258	greedy_trans	black	1	40	0.268298	1
259	greedy	white	1	59	0.2843510000000001	0
259	greedy_trans	black	1	59	0.24379299999999998	0
260	greedy	white	1	48	0.34376	0
260	greedy_trans	black	1	48	0.14721399999999996	0
261	greedy	white	1	47	0.222921	0
261	greedy_trans	black	1	47	0.25154300000000007	0
262	greedy	white	1	98	0.4845500000000001	-1
262	greedy_trans	black	1	98	0.4011440000000003	1
263	greedy	white	1	86	0.43021300000000023	0
263	greedy_trans	black	1	86	0.26426999999999984	0
264	greedy	white	1	85	0.4692890000000002	0
264	greedy_trans	black	1	85	0.26550000000000007	0
265	greedy	white	1	59	0.27656500000000006	0
265	greedy_trans	black	1	59	0.26872100000000004	0
266	greedy	white	1	114	0.4967709999999997	0
266	greedy_trans	black	1	114	0.4547069999999999	0
267	greedy	white	1	36	0.178865	-1
267	greedy_trans	black	1	36	0.278343	1
268	greedy	white	1	30	0.16307800000000006	-1
268	greedy_trans	black	1	30	0.34872	1
269	greedy	white	1	83	0.32535400000000003	0
269	greedy_trans	black	1	83	0.34288699999999994	0
270	greedy	white	1	67	0.3938489999999999	1
270	greedy_trans	black	1	67	0.332283	-1
271	greedy	white	1	80	0.43798	0
271	greedy_trans	black	1	80	0.2735169999999999	0
272	greedy	white	1	55	0.242364	-1
272	greedy_trans	black	1	55	0.41214900000000015	1
273	greedy	white	1	146	0.38218899999999995	0
273	greedy_trans	black	1	146	0.5232380000000001	0
274	greedy	white	1	47	0.22960499999999998	0
274	greedy_trans	black	1	47	0.29315599999999997	0
275	greedy	white	1	29	0.17344600000000002	0
275	greedy_trans	black	1	29	0.270372	0
276	greedy	white	1	97	0.2721409999999999	0
276	greedy_trans	black	1	97	0.5561049999999998	0
277	greedy	white	1	21	0.166488	0
277	greedy_trans	black	1	21	0.09978500000000001	0
278	greedy	white	1	55	0.34959899999999994	0
278	greedy_trans	black	1	55	0.246911	0
279	greedy	white	1	86	0.302127	-1
279	greedy_trans	black	1	86	0.3891920000000002	1
280	greedy	white	1	23	0.17478799999999997	-1
280	greedy_trans	black	1	23	0.222921	1
281	greedy	white	1	115	0.42707100000000014	0
281	greedy_trans	black	1	115	0.5030639999999998	0
282	greedy	white	1	86	0.3331499999999999	0
282	greedy_trans	black	1	86	0.335202	0
283	greedy	white	1	47	0.3443749999999999	0
283	greedy_trans	black	1	47	0.198849	0
284	greedy	white	1	84	0.3499229999999999	1
284	greedy_trans	black	1	84	0.4005600000000001	-1
285	greedy	white	1	80	0.3936039999999999	0
285	greedy_trans	black	1	80	0.41042600000000007	0
286	greedy	white	1	46	0.23272500000000002	0
286	greedy_trans	black	1	46	0.20021799999999998	0
287	greedy	white	1	64	0.28713	0
287	greedy_trans	black	1	64	0.3253930000000001	0
288	greedy	white	1	39	0.28344400000000003	1
288	greedy_trans	black	1	39	0.250565	-1
289	greedy	white	1	39	0.22386499999999995	0
289	greedy_trans	black	1	39	0.266684	0
290	greedy	white	1	38	0.213335	0
290	greedy_trans	black	1	38	0.201555	0
291	greedy	white	1	50	0.306666	0
291	greedy_trans	black	1	50	0.251605	0
292	greedy	white	1	85	0.3136700000000001	0
292	greedy_trans	black	1	85	0.392292	0
293	greedy	white	1	48	0.23706300000000008	0
293	greedy_trans	black	1	48	0.3469069999999999	0
294	greedy	white	1	19	0.17646699999999998	-1
294	greedy_trans	black	1	19	0.048896	1
295	greedy	white	1	102	0.739102	0
295	greedy_trans	black	1	102	0.2655519999999999	0
296	greedy	white	1	60	0.32477799999999996	0
296	greedy_trans	black	1	60	0.16880799999999999	0
297	greedy	white	1	60	0.3148799999999999	0
297	greedy_trans	black	1	60	0.26200399999999996	0
298	greedy	white	1	61	0.366652	1
298	greedy_trans	black	1	61	0.3589970000000001	-1
299	greedy	white	1	24	0.21041	1
299	greedy_trans	black	1	24	0.15873400000000001	-1
