game_number	agent_type	agent_color	agent_depth	agent_num_moves	agent_decision_time	game_result
0	random	white	0	180	0.12644100000000005	0
0	random_trans	black	0	180	0.13419699999999998	0
1	random	white	0	67	0.025512000000000003	1
1	random_trans	black	0	67	0.028347999999999998	-1
2	random	white	0	58	0.020483	1
2	random_trans	black	0	58	0.022906	-1
3	random	white	0	308	0.440832	0
3	random_trans	black	0	308	0.44791199999999987	0
4	random	white	0	248	0.2971110000000001	0
4	random_trans	black	0	248	0.3015770000000001	0
5	random	white	0	130	0.07663999999999999	0
5	random_trans	black	0	130	0.07862199999999997	0
6	random	white	0	162	0.11204499999999999	0
6	random_trans	black	0	162	0.12060499999999999	0
7	random	white	0	151	0.112301	0
7	random_trans	black	0	151	0.112776	0
8	random	white	0	218	0.19793900000000003	0
8	random_trans	black	0	218	0.203426	0
9	random	white	0	231	0.26737000000000005	0
9	random_trans	black	0	231	0.2711619999999999	0
10	random	white	0	214	0.17919399999999996	0
10	random_trans	black	0	214	0.19145599999999996	0
11	random	white	0	232	0.26282	0
11	random_trans	black	0	232	0.271043	0
12	random	white	0	225	0.215975	0
12	random_trans	black	0	225	0.22352700000000003	0
13	random	white	0	130	0.07522800000000003	0
13	random_trans	black	0	130	0.07871699999999997	0
14	random	white	0	188	0.14514899999999992	0
14	random_trans	black	0	188	0.150094	0
15	random	white	0	109	0.05388500000000001	0
15	random_trans	black	0	109	0.058496000000000006	0
16	random	white	0	200	0.162461	0
16	random_trans	black	0	200	0.16439699999999993	0
17	random	white	0	230	0.2091300000000002	0
17	random_trans	black	0	230	0.21757599999999994	0
18	random	white	0	192	0.1663279999999999	0
18	random_trans	black	0	192	0.177682	0
19	random	white	0	179	0.13863500000000004	0
19	random_trans	black	0	179	0.14072100000000004	0
20	random	white	0	283	0.31378300000000015	0
20	random_trans	black	0	283	0.32848999999999995	0
21	random	white	0	219	0.188088	0
21	random_trans	black	0	219	0.19219699999999998	0
22	random	white	0	199	0.22765299999999997	0
22	random_trans	black	0	199	0.23647300000000013	0
23	random	white	0	205	0.18266699999999989	0
23	random_trans	black	0	205	0.1925399999999999	0
24	random	white	0	268	0.29015000000000013	0
24	random_trans	black	0	268	0.31122	0
25	random	white	0	201	0.23808999999999994	0
25	random_trans	black	0	201	0.24179999999999993	0
26	random	white	0	162	0.11424699999999995	0
26	random_trans	black	0	162	0.12161100000000007	0
27	random	white	0	128	0.07383599999999998	0
27	random_trans	black	0	128	0.07953	0
28	random	white	0	105	0.052181000000000026	0
28	random_trans	black	0	105	0.05549699999999999	0
29	random	white	0	257	0.39033999999999985	0
29	random_trans	black	0	257	0.410951	0
30	random	white	0	233	0.260684	0
30	random_trans	black	0	233	0.26607099999999995	0
31	random	white	0	221	0.20879799999999996	0
31	random_trans	black	0	221	0.21681100000000014	0
32	random	white	0	211	0.190044	0
32	random_trans	black	0	211	0.19005999999999998	0
33	random	white	0	89	0.042469	0
33	random_trans	black	0	89	0.043107000000000006	0
34	random	white	0	232	0.23173499999999997	0
34	random_trans	black	0	232	0.23841300000000007	0
35	random	white	0	195	0.172827	0
35	random_trans	black	0	195	0.17763799999999996	0
36	random	white	0	240	0.29715200000000014	0
36	random_trans	black	0	240	0.30322200000000005	0
37	random	white	0	252	0.2747719999999999	0
37	random_trans	black	0	252	0.28498199999999996	0
38	random	white	0	240	0.25416400000000017	0
38	random_trans	black	0	240	0.26178899999999994	0
39	random	white	0	188	0.14519199999999996	0
39	random_trans	black	0	188	0.15039400000000006	0
40	random	white	0	184	0.149813	0
40	random_trans	black	0	184	0.15578200000000003	0
41	random	white	0	134	0.07789000000000003	0
41	random_trans	black	0	134	0.083816	0
42	random	white	0	175	0.127458	0
42	random_trans	black	0	175	0.13125599999999993	0
43	random	white	0	228	0.2719940000000002	0
43	random_trans	black	0	228	0.2741960000000001	0
44	random	white	0	194	0.180543	0
44	random_trans	black	0	194	0.18545299999999998	0
45	random	white	0	186	0.14684800000000006	0
45	random_trans	black	0	186	0.151672	0
46	random	white	0	171	0.141673	0
46	random_trans	black	0	171	0.14431100000000005	0
47	random	white	0	167	0.12915100000000004	0
47	random_trans	black	0	167	0.14263200000000004	0
48	random	white	0	200	0.18583099999999994	0
48	random_trans	black	0	200	0.19332900000000006	0
49	random	white	0	173	0.132706	0
49	random_trans	black	0	173	0.13477799999999998	0
50	random	white	0	223	0.2293290000000001	0
50	random_trans	black	0	223	0.24027499999999985	0
51	random	white	0	162	0.11190899999999995	0
51	random_trans	black	0	162	0.112549	0
52	random	white	0	243	0.23413699999999998	0
52	random_trans	black	0	243	0.24509600000000004	0
53	random	white	0	166	0.12320500000000005	0
53	random_trans	black	0	166	0.126086	0
54	random	white	0	233	0.318257	0
54	random_trans	black	0	233	0.3249890000000001	0
55	random	white	0	161	0.12024699999999998	-1
55	random_trans	black	0	161	0.12825000000000006	1
56	random	white	0	229	0.2132479999999999	0
56	random_trans	black	0	229	0.22824900000000017	0
57	random	white	0	248	0.2934920000000001	0
57	random_trans	black	0	248	0.30081500000000017	0
58	random	white	0	57	0.020550999999999996	-1
58	random_trans	black	0	57	0.022861999999999997	1
59	random	white	0	119	0.06474999999999999	0
59	random_trans	black	0	119	0.069453	0
60	random	white	0	261	0.36505200000000004	0
60	random_trans	black	0	261	0.3694	0
61	random	white	0	200	0.19401999999999997	0
61	random_trans	black	0	200	0.196174	0
62	random	white	0	149	0.09812	0
62	random_trans	black	0	149	0.10209099999999999	0
63	random	white	0	316	0.47572799999999993	0
63	random_trans	black	0	316	0.4942279999999999	0
64	random	white	0	242	0.29197699999999993	0
64	random_trans	black	0	242	0.2981899999999999	0
65	random	white	0	249	0.306382	0
65	random_trans	black	0	249	0.31607599999999997	0
66	random	white	0	153	0.100664	0
66	random_trans	black	0	153	0.10554700000000002	0
67	random	white	0	202	0.17590000000000008	0
67	random_trans	black	0	202	0.179161	0
68	random	white	0	141	0.08486700000000003	0
68	random_trans	black	0	141	0.092043	0
69	random	white	0	194	0.15345400000000003	0
69	random_trans	black	0	194	0.15746800000000002	0
70	random	white	0	198	0.161689	0
70	random_trans	black	0	198	0.16601600000000005	0
71	random	white	0	211	0.18058300000000005	0
71	random_trans	black	0	211	0.18816899999999995	0
72	random	white	0	239	0.2676719999999999	0
72	random_trans	black	0	239	0.2745329999999999	0
73	random	white	0	160	0.107087	0
73	random_trans	black	0	160	0.11103599999999995	0
74	random	white	0	134	0.08076999999999998	0
74	random_trans	black	0	134	0.083593	0
75	random	white	0	284	0.3826729999999998	0
75	random_trans	black	0	284	0.38748400000000005	0
76	random	white	0	146	0.09076799999999992	-1
76	random_trans	black	0	146	0.09968599999999997	1
77	random	white	0	52	0.019232999999999997	-1
77	random_trans	black	0	52	0.020912000000000004	1
78	random	white	0	76	0.031178999999999995	1
78	random_trans	black	0	76	0.03256	-1
79	random	white	0	243	0.2949210000000002	0
79	random_trans	black	0	243	0.30475699999999967	0
80	random	white	0	169	0.12004200000000001	0
80	random_trans	black	0	169	0.12297900000000005	0
81	random	white	0	167	0.11167599999999997	0
81	random_trans	black	0	167	0.12034199999999999	0
82	random	white	0	67	0.024689	-1
82	random_trans	black	0	67	0.028190000000000003	1
83	random	white	0	117	0.06010800000000001	0
83	random_trans	black	0	117	0.06410699999999997	0
84	random	white	0	249	0.265286	0
84	random_trans	black	0	249	0.273265	0
85	random	white	0	184	0.15137399999999995	0
85	random_trans	black	0	184	0.15372100000000008	0
86	random	white	0	141	0.08716599999999995	0
86	random_trans	black	0	141	0.09248200000000002	0
87	random	white	0	141	0.08521499999999999	0
87	random_trans	black	0	141	0.08871699999999998	0
88	random	white	0	196	0.15813199999999997	0
88	random_trans	black	0	196	0.167377	0
89	random	white	0	87	0.037434	-1
89	random_trans	black	0	87	0.043241000000000016	1
90	random	white	0	181	0.141342	0
90	random_trans	black	0	181	0.14531499999999997	0
91	random	white	0	63	0.025001000000000002	1
91	random_trans	black	0	63	0.027322999999999993	-1
92	random	white	0	140	0.08463700000000002	0
92	random_trans	black	0	140	0.09149199999999999	0
93	random	white	0	38	0.011009999999999999	1
93	random_trans	black	0	38	0.013093	-1
94	random	white	0	22	0.005748	1
94	random_trans	black	0	22	0.006748999999999999	-1
95	random	white	0	64	0.02299499999999999	-1
95	random_trans	black	0	64	0.026248	1
96	random	white	0	211	0.2100689999999999	0
96	random_trans	black	0	211	0.21919899999999995	0
97	random	white	0	55	0.020011000000000004	-1
97	random_trans	black	0	55	0.022980000000000004	1
98	random	white	0	343	0.521259	0
98	random_trans	black	0	343	0.5340380000000001	0
99	random	white	0	45	0.013962	1
99	random_trans	black	0	45	0.015768	-1
100	random	white	0	180	0.14542400000000005	0
100	random_trans	black	0	180	0.14388799999999996	0
101	random	white	0	217	0.1952110000000001	0
101	random_trans	black	0	217	0.20383900000000008	0
102	random	white	0	175	0.12602100000000008	0
102	random_trans	black	0	175	0.13658100000000006	0
103	random	white	0	133	0.07523700000000001	0
103	random_trans	black	0	133	0.08124999999999999	0
104	random	white	0	22	0.005600999999999999	-1
104	random_trans	black	0	22	0.006817999999999999	1
105	random	white	0	83	0.037739	1
105	random_trans	black	0	83	0.038426999999999996	-1
106	random	white	0	231	0.2673000000000001	0
106	random_trans	black	0	231	0.279133	0
107	random	white	0	75	0.02902100000000001	-1
107	random_trans	black	0	75	0.033033	1
108	random	white	0	183	0.14188099999999995	0
108	random_trans	black	0	183	0.15111500000000005	0
109	random	white	0	359	0.5390329999999998	0
109	random_trans	black	0	359	0.5448830000000002	0
110	random	white	0	206	0.19993299999999997	0
110	random_trans	black	0	206	0.2020759999999999	0
111	random	white	0	213	0.21085500000000013	0
111	random_trans	black	0	213	0.21760399999999996	0
112	random	white	0	151	0.09395200000000001	0
112	random_trans	black	0	151	0.10147999999999999	0
113	random	white	0	36	0.011162000000000002	1
113	random_trans	black	0	36	0.013262000000000001	-1
114	random	white	0	157	0.116772	0
114	random_trans	black	0	157	0.11933400000000001	0
115	random	white	0	208	0.19365200000000007	0
115	random_trans	black	0	208	0.19625599999999993	0
116	random	white	0	194	0.22563899999999995	0
116	random_trans	black	0	194	0.22520400000000004	0
117	random	white	0	196	0.17869000000000002	0
117	random_trans	black	0	196	0.18260599999999994	0
118	random	white	0	176	0.14150999999999994	0
118	random_trans	black	0	176	0.14410899999999996	0
119	random	white	0	271	0.352214	0
119	random_trans	black	0	271	0.35846599999999995	0
120	random	white	0	266	0.360922	0
120	random_trans	black	0	266	0.36972099999999997	0
121	random	white	0	278	0.3778849999999998	0
121	random_trans	black	0	278	0.38291399999999987	0
122	random	white	0	182	0.15544399999999994	0
122	random_trans	black	0	182	0.16182599999999997	0
123	random	white	0	148	0.09886499999999998	0
123	random_trans	black	0	148	0.10451999999999997	0
124	random	white	0	226	0.26831700000000014	0
124	random_trans	black	0	226	0.2728529999999999	0
125	random	white	0	224	0.22989000000000015	0
125	random_trans	black	0	224	0.23356099999999996	0
126	random	white	0	199	0.17661399999999997	0
126	random_trans	black	0	199	0.18178900000000003	0
127	random	white	0	137	0.088771	0
127	random_trans	black	0	137	0.091199	0
128	random	white	0	295	0.35109000000000007	0
128	random_trans	black	0	295	0.354297	0
129	random	white	0	264	0.3319589999999999	0
129	random_trans	black	0	264	0.341561	0
130	random	white	0	291	0.4062170000000001	0
130	random_trans	black	0	291	0.41221100000000005	0
131	random	white	0	235	0.23199699999999993	0
131	random_trans	black	0	235	0.240989	0
132	random	white	0	139	0.08820300000000003	0
132	random_trans	black	0	139	0.09256299999999996	0
133	random	white	0	195	0.15452000000000005	0
133	random_trans	black	0	195	0.16632300000000003	0
134	random	white	0	120	0.06992800000000002	1
134	random_trans	black	0	120	0.074123	-1
135	random	white	0	151	0.09534899999999999	0
135	random_trans	black	0	151	0.10056800000000003	0
136	random	white	0	266	0.3112180000000001	0
136	random_trans	black	0	266	0.32464800000000005	0
137	random	white	0	153	0.10661599999999999	0
137	random_trans	black	0	153	0.11300700000000002	0
138	random	white	0	258	0.32813400000000004	0
138	random_trans	black	0	258	0.33462299999999995	0
139	random	white	0	145	0.08921599999999999	0
139	random_trans	black	0	145	0.093312	0
140	random	white	0	108	0.05369600000000003	0
140	random_trans	black	0	108	0.05782600000000001	0
141	random	white	0	136	0.08492199999999997	0
141	random_trans	black	0	136	0.088267	0
142	random	white	0	152	0.11060000000000002	0
142	random_trans	black	0	152	0.11402400000000001	0
143	random	white	0	181	0.14450899999999997	0
143	random_trans	black	0	181	0.14979100000000004	0
144	random	white	0	204	0.18676799999999996	0
144	random_trans	black	0	204	0.190554	0
145	random	white	0	183	0.150308	0
145	random_trans	black	0	183	0.15791800000000003	0
146	random	white	0	89	0.041747	1
146	random_trans	black	0	89	0.043474	-1
147	random	white	0	137	0.082061	0
147	random_trans	black	0	137	0.08799199999999995	0
148	random	white	0	230	0.27237599999999995	0
148	random_trans	black	0	230	0.276321	0
149	random	white	0	152	0.10936500000000003	0
149	random_trans	black	0	152	0.11452200000000005	0
150	random	white	0	188	0.14462200000000003	0
150	random_trans	black	0	188	0.14750900000000006	0
151	random	white	0	246	0.255514	0
151	random_trans	black	0	246	0.26797099999999996	0
152	random	white	0	149	0.09177	0
152	random_trans	black	0	149	0.09660700000000003	0
153	random	white	0	212	0.238952	0
153	random_trans	black	0	212	0.2425290000000001	0
154	random	white	0	264	0.3068789999999999	0
154	random_trans	black	0	264	0.3109269999999999	0
155	random	white	0	63	0.023702	-1
155	random_trans	black	0	63	0.02538300000000001	1
156	random	white	0	219	0.25184600000000007	0
156	random_trans	black	0	219	0.25032800000000005	0
157	random	white	0	226	0.26165700000000003	0
157	random_trans	black	0	226	0.270858	0
158	random	white	0	200	0.16551599999999997	0
158	random_trans	black	0	200	0.17178199999999996	0
159	random	white	0	243	0.276535	0
159	random_trans	black	0	243	0.2772260000000002	0
160	random	white	0	236	0.27445899999999995	0
160	random_trans	black	0	236	0.279617	0
161	random	white	0	103	0.051122000000000015	-1
161	random_trans	black	0	103	0.05519300000000002	1
162	random	white	0	75	0.03037499999999999	-1
162	random_trans	black	0	75	0.033974	1
163	random	white	0	217	0.207647	0
163	random_trans	black	0	217	0.206237	0
164	random	white	0	140	0.07944000000000001	0
164	random_trans	black	0	140	0.083882	0
165	random	white	0	143	0.08515800000000001	0
165	random_trans	black	0	143	0.088787	0
166	random	white	0	304	0.3992339999999999	0
166	random_trans	black	0	304	0.41443300000000005	0
167	random	white	0	238	0.2925910000000001	0
167	random_trans	black	0	238	0.3003250000000001	0
168	random	white	0	176	0.12905699999999995	0
168	random_trans	black	0	176	0.13929300000000003	0
169	random	white	0	79	0.03462799999999999	1
169	random_trans	black	0	79	0.038593999999999996	-1
170	random	white	0	245	0.24761299999999983	0
170	random_trans	black	0	245	0.2520339999999999	0
171	random	white	0	197	0.161428	0
171	random_trans	black	0	197	0.16426799999999997	0
172	random	white	0	276	0.33429699999999973	0
172	random_trans	black	0	276	0.34172999999999987	0
173	random	white	0	179	0.12497199999999997	0
173	random_trans	black	0	179	0.13111000000000003	0
174	random	white	0	243	0.2874779999999999	0
174	random_trans	black	0	243	0.2899630000000001	0
175	random	white	0	198	0.15869600000000006	0
175	random_trans	black	0	198	0.160995	0
176	random	white	0	151	0.10172400000000001	0
176	random_trans	black	0	151	0.10489300000000001	0
177	random	white	0	288	0.38079	0
177	random_trans	black	0	288	0.38824099999999995	0
178	random	white	0	55	0.020079	1
178	random_trans	black	0	55	0.020947999999999998	-1
179	random	white	0	85	0.037442999999999976	1
179	random_trans	black	0	85	0.038917999999999994	-1
180	random	white	0	130	0.07759499999999998	0
180	random_trans	black	0	130	0.07990600000000002	0
181	random	white	0	200	0.15754499999999994	0
181	random_trans	black	0	200	0.16807899999999987	0
182	random	white	0	197	0.15654200000000004	0
182	random_trans	black	0	197	0.16441399999999998	0
183	random	white	0	187	0.142122	0
183	random_trans	black	0	187	0.15023699999999995	0
184	random	white	0	54	0.018525	-1
184	random_trans	black	0	54	0.021526000000000003	1
185	random	white	0	194	0.16393300000000002	0
185	random_trans	black	0	194	0.16757499999999992	0
186	random	white	0	184	0.17082999999999998	0
186	random_trans	black	0	184	0.17511800000000005	0
187	random	white	0	90	0.038813000000000014	-1
187	random_trans	black	0	90	0.04142599999999999	1
188	random	white	0	153	0.09952299999999999	0
188	random_trans	black	0	153	0.10249700000000003	0
189	random	white	0	183	0.143727	0
189	random_trans	black	0	183	0.149148	0
190	random	white	0	214	0.24947099999999994	0
190	random_trans	black	0	214	0.2523000000000001	0
191	random	white	0	133	0.08703300000000001	0
191	random_trans	black	0	133	0.08668899999999999	0
192	random	white	0	195	0.17962	1
192	random_trans	black	0	195	0.17945100000000005	-1
193	random	white	0	164	0.12042800000000004	0
193	random_trans	black	0	164	0.12535399999999997	0
194	random	white	0	60	0.02243200000000001	1
194	random_trans	black	0	60	0.023180000000000003	-1
195	random	white	0	84	0.03553100000000001	-1
195	random_trans	black	0	84	0.040927	1
196	random	white	0	191	0.15474399999999996	0
196	random_trans	black	0	191	0.163184	0
197	random	white	0	302	0.4114989999999999	0
197	random_trans	black	0	302	0.427815	0
198	random	white	0	255	0.3244779999999999	0
198	random_trans	black	0	255	0.33084199999999997	0
199	random	white	0	211	0.18115200000000015	-1
199	random_trans	black	0	211	0.19155700000000003	1
200	random	white	0	239	0.27342800000000006	0
200	random_trans	black	0	239	0.27812400000000015	0
201	random	white	0	182	0.13702699999999998	0
201	random_trans	black	0	182	0.143832	0
202	random	white	0	221	0.19632499999999986	0
202	random_trans	black	0	221	0.20451800000000003	0
203	random	white	0	144	0.08817299999999999	0
203	random_trans	black	0	144	0.09366899999999997	0
204	random	white	0	18	0.003985999999999999	-1
204	random_trans	black	0	18	0.004847	1
205	random	white	0	201	0.17038799999999996	0
205	random_trans	black	0	201	0.17503599999999997	0
206	random	white	0	137	0.08050500000000003	0
206	random_trans	black	0	137	0.08485999999999998	0
207	random	white	0	213	0.17688000000000004	0
207	random_trans	black	0	213	0.18895799999999993	0
208	random	white	0	274	0.3240220000000003	0
208	random_trans	black	0	274	0.3377470000000001	0
209	random	white	0	274	0.313064	0
209	random_trans	black	0	274	0.3215630000000001	0
210	random	white	0	144	0.09395999999999999	0
210	random_trans	black	0	144	0.09640399999999996	0
211	random	white	0	191	0.152516	0
211	random_trans	black	0	191	0.15661900000000004	0
212	random	white	0	206	0.24574399999999993	0
212	random_trans	black	0	206	0.2556959999999999	0
213	random	white	0	205	0.21515999999999988	0
213	random_trans	black	0	205	0.222781	0
214	random	white	0	266	0.30876600000000004	0
214	random_trans	black	0	266	0.3239550000000001	0
215	random	white	0	184	0.15360400000000005	0
215	random_trans	black	0	184	0.15782899999999994	0
216	random	white	0	172	0.126567	0
216	random_trans	black	0	172	0.13056099999999995	0
217	random	white	0	96	0.043694	1
217	random_trans	black	0	96	0.046725999999999976	-1
218	random	white	0	155	0.10381199999999999	0
218	random_trans	black	0	155	0.109169	0
219	random	white	0	198	0.180993	0
219	random_trans	black	0	198	0.18615099999999996	0
220	random	white	0	37	0.011367	-1
220	random_trans	black	0	37	0.013146000000000003	1
221	random	white	0	264	0.346451	0
221	random_trans	black	0	264	0.36291300000000015	0
222	random	white	0	138	0.08975600000000002	0
222	random_trans	black	0	138	0.089031	0
223	random	white	0	212	0.19721100000000003	0
223	random_trans	black	0	212	0.20984899999999995	0
224	random	white	0	213	0.2015779999999999	0
224	random_trans	black	0	213	0.210862	0
225	random	white	0	161	0.11722300000000002	0
225	random_trans	black	0	161	0.119674	0
226	random	white	0	244	0.2704869999999999	0
226	random_trans	black	0	244	0.27680899999999997	0
227	random	white	0	192	0.16553800000000007	0
227	random_trans	black	0	192	0.16986800000000002	0
228	random	white	0	202	0.175159	0
228	random_trans	black	0	202	0.18316899999999997	0
229	random	white	0	76	0.029641000000000008	1
229	random_trans	black	0	76	0.031941000000000004	-1
230	random	white	0	183	0.13787900000000008	0
230	random_trans	black	0	183	0.142715	0
231	random	white	0	190	0.16729599999999994	0
231	random_trans	black	0	190	0.17512899999999998	0
232	random	white	0	168	0.16305999999999998	0
232	random_trans	black	0	168	0.17018900000000015	0
233	random	white	0	233	0.2300739999999999	0
233	random_trans	black	0	233	0.240479	0
234	random	white	0	200	0.17143100000000003	0
234	random_trans	black	0	200	0.17446500000000004	0
235	random	white	0	268	0.3744359999999999	0
235	random_trans	black	0	268	0.3786410000000001	0
236	random	white	0	199	0.22388599999999995	0
236	random_trans	black	0	199	0.22773	0
237	random	white	0	175	0.125604	0
237	random_trans	black	0	175	0.13606100000000004	0
238	random	white	0	193	0.19533299999999998	0
238	random_trans	black	0	193	0.20099600000000004	0
239	random	white	0	61	0.022182	1
239	random_trans	black	0	61	0.02467899999999999	-1
240	random	white	0	67	0.026398999999999995	1
240	random_trans	black	0	67	0.028612000000000002	-1
241	random	white	0	199	0.22803400000000004	0
241	random_trans	black	0	199	0.231272	0
242	random	white	0	140	0.08502100000000001	0
242	random_trans	black	0	140	0.08995500000000001	0
243	random	white	0	218	0.19146899999999994	0
243	random_trans	black	0	218	0.196667	0
244	random	white	0	235	0.24103700000000006	0
244	random_trans	black	0	235	0.2504910000000001	0
245	random	white	0	39	0.012110999999999999	1
245	random_trans	black	0	39	0.013845000000000003	-1
246	random	white	0	195	0.189483	0
246	random_trans	black	0	195	0.19460500000000008	0
247	random	white	0	106	0.05687399999999998	0
247	random_trans	black	0	106	0.060024000000000015	0
248	random	white	0	177	0.15045899999999998	0
248	random_trans	black	0	177	0.152834	0
249	random	white	0	153	0.12184599999999998	0
249	random_trans	black	0	153	0.127428	0
250	random	white	0	206	0.19007499999999994	0
250	random_trans	black	0	206	0.18768800000000005	0
251	random	white	0	276	0.33561299999999983	-1
251	random_trans	black	0	276	0.3441590000000001	1
252	random	white	0	191	0.16460799999999992	0
252	random_trans	black	0	191	0.17123999999999992	0
253	random	white	0	231	0.2895719999999999	0
253	random_trans	black	0	231	0.288032	0
254	random	white	0	34	0.009474000000000002	-1
254	random_trans	black	0	34	0.011829000000000001	1
255	random	white	0	140	0.08256899999999999	0
255	random_trans	black	0	140	0.08783299999999998	0
256	random	white	0	174	0.124901	0
256	random_trans	black	0	174	0.13215099999999994	0
257	random	white	0	141	0.08790399999999997	0
257	random_trans	black	0	141	0.09281699999999998	0
258	random	white	0	41	0.012508000000000002	-1
258	random_trans	black	0	41	0.014491	1
259	random	white	0	136	0.08151200000000004	0
259	random_trans	black	0	136	0.08641299999999999	0
260	random	white	0	261	0.260935	0
260	random_trans	black	0	261	0.2619899999999999	0
261	random	white	0	167	0.12022099999999997	0
261	random_trans	black	0	167	0.12606999999999996	0
262	random	white	0	235	0.23794600000000013	0
262	random_trans	black	0	235	0.23627500000000015	0
263	random	white	0	211	0.20402599999999999	0
263	random_trans	black	0	211	0.2063929999999999	0
264	random	white	0	171	0.13253800000000002	0
264	random_trans	black	0	171	0.13684100000000005	0
265	random	white	0	231	0.22756699999999996	0
265	random_trans	black	0	231	0.23487299999999997	0
266	random	white	0	258	0.3690899999999998	0
266	random_trans	black	0	258	0.3724419999999998	0
267	random	white	0	203	0.16723000000000002	0
267	random_trans	black	0	203	0.17071200000000006	0
268	random	white	0	150	0.098762	0
268	random_trans	black	0	150	0.10172699999999996	0
269	random	white	0	125	0.069929	0
269	random_trans	black	0	125	0.076377	0
270	random	white	0	136	0.09457999999999996	0
270	random_trans	black	0	136	0.09903100000000001	0
271	random	white	0	101	0.05408600000000001	1
271	random_trans	black	0	101	0.058453	-1
272	random	white	0	270	0.37975599999999987	0
272	random_trans	black	0	270	0.37587499999999996	0
273	random	white	0	134	0.08136000000000002	0
273	random_trans	black	0	134	0.08359200000000004	0
274	random	white	0	240	0.24861399999999984	0
274	random_trans	black	0	240	0.25995399999999996	0
275	random	white	0	331	0.4728680000000003	0
275	random_trans	black	0	331	0.4831920000000001	0
276	random	white	0	227	0.257644	0
276	random_trans	black	0	227	0.26528900000000005	0
277	random	white	0	176	0.14355800000000005	0
277	random_trans	black	0	176	0.14812200000000003	0
278	random	white	0	79	0.033909999999999996	1
278	random_trans	black	0	79	0.035866	-1
279	random	white	0	241	0.2698720000000001	0
279	random_trans	black	0	241	0.2778869999999999	0
280	random	white	0	209	0.19186500000000006	0
280	random_trans	black	0	209	0.1992070000000001	0
281	random	white	0	131	0.07641900000000001	0
281	random_trans	black	0	131	0.08253799999999999	0
282	random	white	0	193	0.14890200000000003	0
282	random_trans	black	0	193	0.15618600000000007	0
283	random	white	0	60	0.021807000000000003	1
283	random_trans	black	0	60	0.024709	-1
284	random	white	0	165	0.124101	0
284	random_trans	black	0	165	0.12968900000000005	0
285	random	white	0	188	0.155971	0
285	random_trans	black	0	188	0.161433	0
286	random	white	0	210	0.20159699999999997	0
286	random_trans	black	0	210	0.20328000000000002	0
287	random	white	0	222	0.20829700000000007	0
287	random_trans	black	0	222	0.2129639999999999	0
288	random	white	0	187	0.14868399999999998	0
288	random_trans	black	0	187	0.153374	0
289	random	white	0	117	0.061127	0
289	random_trans	black	0	117	0.06419099999999998	0
290	random	white	0	168	0.11884099999999999	0
290	random_trans	black	0	168	0.12393099999999999	0
291	random	white	0	274	0.32584900000000006	0
291	random_trans	black	0	274	0.326446	0
292	random	white	0	228	0.2674589999999999	0
292	random_trans	black	0	228	0.2758819999999999	0
293	random	white	0	226	0.22809199999999996	0
293	random_trans	black	0	226	0.23524599999999996	0
294	random	white	0	206	0.17876400000000003	0
294	random_trans	black	0	206	0.186149	0
295	random	white	0	232	0.2902210000000001	0
295	random_trans	black	0	232	0.29782500000000006	0
296	random	white	0	149	0.106952	0
296	random_trans	black	0	149	0.11005499999999997	0
297	random	white	0	226	0.22298999999999997	0
297	random_trans	black	0	226	0.2281879999999999	0
298	random	white	0	176	0.136943	0
298	random_trans	black	0	176	0.14356900000000006	0
299	random	white	0	127	0.071497	0
299	random_trans	black	0	127	0.07331099999999999	0
