game_number	agent_type	agent_color	agent_depth	agent_num_moves	agent_decision_time	game_result
0	random	white	0	16	0.0035569999999999994	1
0	random_trans	black	0	16	0.004390000000000001	-1
1	random	white	0	164	0.117895	0
1	random_trans	black	0	164	0.12505599999999997	0
2	random	white	0	280	0.34048600000000007	0
2	random_trans	black	0	280	0.3422830000000002	0
3	random	white	0	145	0.08694699999999998	0
3	random_trans	black	0	145	0.09329599999999999	0
4	random	white	0	311	0.44960400000000034	0
4	random_trans	black	0	311	0.4573950000000001	0
5	random	white	0	148	0.09172900000000003	1
5	random_trans	black	0	148	0.09747000000000001	-1
6	random	white	0	262	0.3276210000000001	0
6	random_trans	black	0	262	0.33066999999999974	0
7	random	white	0	42	0.012982999999999998	-1
7	random_trans	black	0	42	0.014488000000000001	1
8	random	white	0	17	0.003469	1
8	random_trans	black	0	17	0.003965000000000001	-1
9	random	white	0	148	0.09163000000000004	0
9	random_trans	black	0	148	0.096388	0
10	random	white	0	202	0.23056799999999994	0
10	random_trans	black	0	202	0.22969299999999995	0
11	random	white	0	174	0.12072000000000001	0
11	random_trans	black	0	174	0.125911	0
12	random	white	0	282	0.3963230000000004	0
12	random_trans	black	0	282	0.40411900000000006	0
13	random	white	0	156	0.10337899999999998	0
13	random_trans	black	0	156	0.10507500000000002	0
14	random	white	0	151	0.09773899999999996	0
14	random_trans	black	0	151	0.104067	0
15	random	white	0	134	0.07670100000000002	0
15	random_trans	black	0	134	0.08117	0
16	random	white	0	244	0.28527100000000016	0
16	random_trans	black	0	244	0.2958300000000001	0
17	random	white	0	162	0.11220900000000004	0
17	random_trans	black	0	162	0.117784	0
18	random	white	0	149	0.10169700000000002	0
18	random_trans	black	0	149	0.10891200000000002	0
19	random	white	0	139	0.08390199999999998	0
19	random_trans	black	0	139	0.08970700000000002	0
20	random	white	0	69	0.026748000000000004	1
20	random_trans	black	0	69	0.029664	-1
21	random	white	0	103	0.048752000000000004	0
21	random_trans	black	0	103	0.051006	0
22	random	white	0	234	0.22201500000000016	0
22	random_trans	black	0	234	0.22360700000000003	0
23	random	white	0	215	0.20594599999999996	0
23	random_trans	black	0	215	0.20833999999999994	0
24	random	white	0	255	0.30762699999999993	0
24	random_trans	black	0	255	0.3103810000000002	0
25	random	white	0	218	0.197413	0
25	random_trans	black	0	218	0.20233499999999996	0
26	random	white	0	217	0.18016599999999988	0
26	random_trans	black	0	217	0.18785799999999991	0
27	random	white	0	178	0.14116	0
27	random_trans	black	0	178	0.1462	0
28	random	white	0	241	0.303101	0
28	random_trans	black	0	241	0.308554	0
29	random	white	0	148	0.11052499999999998	0
29	random_trans	black	0	148	0.11480299999999999	0
30	random	white	0	68	0.026693	-1
30	random_trans	black	0	68	0.029803999999999997	1
31	random	white	0	172	0.12877999999999995	0
31	random_trans	black	0	172	0.132757	0
32	random	white	0	250	0.27882799999999996	0
32	random_trans	black	0	250	0.28473500000000024	0
33	random	white	0	167	0.114803	0
33	random_trans	black	0	167	0.12040600000000001	0
34	random	white	0	183	0.134135	0
34	random_trans	black	0	183	0.13957099999999995	0
35	random	white	0	194	0.16415400000000002	0
35	random_trans	black	0	194	0.17355899999999996	0
36	random	white	0	215	0.237439	0
36	random_trans	black	0	215	0.240246	0
37	random	white	0	59	0.022762000000000004	1
37	random_trans	black	0	59	0.024120000000000006	-1
38	random	white	0	155	0.10635299999999999	0
38	random_trans	black	0	155	0.114256	0
39	random	white	0	217	0.22431600000000002	0
39	random_trans	black	0	217	0.22687199999999996	0
40	random	white	0	165	0.128008	0
40	random_trans	black	0	165	0.13406900000000005	0
41	random	white	0	201	0.17651499999999995	0
41	random_trans	black	0	201	0.17994400000000002	0
42	random	white	0	186	0.14950300000000002	0
42	random_trans	black	0	186	0.15582700000000013	0
43	random	white	0	225	0.27035600000000004	0
43	random_trans	black	0	225	0.2715980000000001	0
44	random	white	0	250	0.302378	0
44	random_trans	black	0	250	0.313633	0
45	random	white	0	76	0.031330000000000004	-1
45	random_trans	black	0	76	0.035297999999999975	1
46	random	white	0	57	0.019934	1
46	random_trans	black	0	57	0.022249999999999992	-1
47	random	white	0	194	0.18949999999999997	0
47	random_trans	black	0	194	0.196658	0
48	random	white	0	117	0.067896	0
48	random_trans	black	0	117	0.07243000000000001	0
49	random	white	0	199	0.16607200000000005	0
49	random_trans	black	0	199	0.16812100000000005	0
50	random	white	0	174	0.13895600000000002	0
50	random_trans	black	0	174	0.14699599999999993	0
51	random	white	0	170	0.11822799999999999	0
51	random_trans	black	0	170	0.12338800000000003	0
52	random	white	0	255	0.29409499999999994	0
52	random_trans	black	0	255	0.307538	0
53	random	white	0	197	0.155999	0
53	random_trans	black	0	197	0.16058000000000006	0
54	random	white	0	110	0.055135	0
54	random_trans	black	0	110	0.059042999999999984	0
55	random	white	0	157	0.112966	0
55	random_trans	black	0	157	0.11611899999999997	0
56	random	white	0	219	0.255622	0
56	random_trans	black	0	219	0.259568	0
57	random	white	0	178	0.13971800000000004	0
57	random_trans	black	0	178	0.14696399999999993	0
58	random	white	0	254	0.32132900000000014	0
58	random_trans	black	0	254	0.3269020000000001	0
59	random	white	0	199	0.177065	0
59	random_trans	black	0	199	0.1788810000000001	0
60	random	white	0	96	0.04769399999999999	0
60	random_trans	black	0	96	0.04986599999999997	0
61	random	white	0	169	0.158644	0
61	random_trans	black	0	169	0.16445200000000001	0
62	random	white	0	214	0.1852680000000001	0
62	random_trans	black	0	214	0.19086099999999992	0
63	random	white	0	227	0.239733	0
63	random_trans	black	0	227	0.24426500000000015	0
64	random	white	0	74	0.029087999999999992	1
64	random_trans	black	0	74	0.032053	-1
65	random	white	0	204	0.177776	0
65	random_trans	black	0	204	0.18496899999999997	0
66	random	white	0	201	0.182609	0
66	random_trans	black	0	201	0.18642299999999995	0
67	random	white	0	113	0.060205	0
67	random_trans	black	0	113	0.06203200000000001	0
68	random	white	0	224	0.20956299999999997	0
68	random_trans	black	0	224	0.21118199999999995	0
69	random	white	0	150	0.10508299999999997	0
69	random_trans	black	0	150	0.10961900000000002	0
70	random	white	0	45	0.017575000000000004	-1
70	random_trans	black	0	45	0.01896	1
71	random	white	0	167	0.11914099999999998	0
71	random_trans	black	0	167	0.12213200000000005	0
72	random	white	0	106	0.05476400000000001	-1
72	random_trans	black	0	106	0.06032	1
73	random	white	0	238	0.26607000000000003	0
73	random_trans	black	0	238	0.277033	0
74	random	white	0	162	0.11875199999999995	0
74	random_trans	black	0	162	0.12159199999999998	0
75	random	white	0	145	0.09172700000000002	0
75	random_trans	black	0	145	0.09379300000000002	0
76	random	white	0	152	0.09880099999999999	0
76	random_trans	black	0	152	0.100645	0
77	random	white	0	196	0.16560999999999998	0
77	random_trans	black	0	196	0.17227299999999998	0
78	random	white	0	164	0.145624	0
78	random_trans	black	0	164	0.15056099999999997	0
79	random	white	0	195	0.17267699999999994	0
79	random_trans	black	0	195	0.174435	0
80	random	white	0	247	0.2688000000000002	0
80	random_trans	black	0	247	0.27544100000000005	0
81	random	white	0	86	0.038106999999999995	-1
81	random_trans	black	0	86	0.04147300000000001	1
82	random	white	0	286	0.32693	0
82	random_trans	black	0	286	0.3265680000000001	0
83	random	white	0	214	0.18272199999999997	0
83	random_trans	black	0	214	0.19029099999999993	0
84	random	white	0	191	0.17185	0
84	random_trans	black	0	191	0.17942499999999997	0
85	random	white	0	191	0.153528	0
85	random_trans	black	0	191	0.1589770000000001	0
86	random	white	0	219	0.257849	0
86	random_trans	black	0	219	0.261476	0
87	random	white	0	200	0.1645470000000001	0
87	random_trans	black	0	200	0.171847	0
88	random	white	0	120	0.06944299999999998	0
88	random_trans	black	0	120	0.07277400000000002	0
89	random	white	0	186	0.15447900000000003	0
89	random_trans	black	0	186	0.15698799999999993	0
90	random	white	0	66	0.02682900000000001	-1
90	random_trans	black	0	66	0.029448	1
91	random	white	0	224	0.21007399999999998	0
91	random_trans	black	0	224	0.21473399999999998	0
92	random	white	0	204	0.18058299999999994	0
92	random_trans	black	0	204	0.189391	0
93	random	white	0	57	0.020125999999999998	1
93	random_trans	black	0	57	0.02174	-1
94	random	white	0	119	0.06604700000000001	0
94	random_trans	black	0	119	0.07023	0
95	random	white	0	240	0.28898	0
95	random_trans	black	0	240	0.29829100000000014	0
96	random	white	0	200	0.226901	0
96	random_trans	black	0	200	0.23663800000000001	0
97	random	white	0	282	0.404152	0
97	random_trans	black	0	282	0.4092230000000002	0
98	random	white	0	165	0.1386339999999999	0
98	random_trans	black	0	165	0.14377500000000004	0
99	random	white	0	231	0.27663499999999985	0
99	random_trans	black	0	231	0.284117	0
100	random	white	0	198	0.1759059999999999	0
100	random_trans	black	0	198	0.18759200000000004	0
101	random	white	0	206	0.18060699999999996	0
101	random_trans	black	0	206	0.1863780000000001	0
102	random	white	0	152	0.09592	0
102	random_trans	black	0	152	0.103332	0
103	random	white	0	88	0.038731999999999996	-1
103	random_trans	black	0	88	0.04166400000000002	1
104	random	white	0	172	0.129323	0
104	random_trans	black	0	172	0.13063599999999997	0
105	random	white	0	67	0.024765	-1
105	random_trans	black	0	67	0.029195000000000002	1
106	random	white	0	283	0.3633929999999998	0
106	random_trans	black	0	283	0.374741	0
107	random	white	0	262	0.351524	0
107	random_trans	black	0	262	0.35580500000000004	0
108	random	white	0	198	0.15763500000000003	0
108	random_trans	black	0	198	0.16569699999999996	0
109	random	white	0	191	0.15555799999999995	0
109	random_trans	black	0	191	0.16090200000000002	0
110	random	white	0	181	0.12953100000000003	0
110	random_trans	black	0	181	0.13828699999999997	0
111	random	white	0	12	0.002418	1
111	random_trans	black	0	12	0.0028650000000000004	-1
112	random	white	0	144	0.09105399999999998	0
112	random_trans	black	0	144	0.09425899999999998	0
113	random	white	0	181	0.16402600000000003	0
113	random_trans	black	0	181	0.16470499999999996	0
114	random	white	0	157	0.10873799999999997	0
114	random_trans	black	0	157	0.11174099999999992	0
115	random	white	0	306	0.45910500000000004	0
115	random_trans	black	0	306	0.47005900000000006	0
116	random	white	0	196	0.22060999999999997	0
116	random_trans	black	0	196	0.22752600000000012	0
117	random	white	0	12	0.0024	1
117	random_trans	black	0	12	0.002872	-1
118	random	white	0	236	0.232578	0
118	random_trans	black	0	236	0.23668099999999997	0
119	random	white	0	171	0.12718999999999994	0
119	random_trans	black	0	171	0.13328700000000007	0
120	random	white	0	178	0.164904	0
120	random_trans	black	0	178	0.168996	0
121	random	white	0	88	0.037235000000000004	0
121	random_trans	black	0	88	0.04231300000000001	0
122	random	white	0	137	0.08957900000000002	0
122	random_trans	black	0	137	0.09246800000000004	0
123	random	white	0	189	0.163628	0
123	random_trans	black	0	189	0.17072700000000007	0
124	random	white	0	286	0.39656399999999975	0
124	random_trans	black	0	286	0.40366699999999983	0
125	random	white	0	120	0.06286599999999999	0
125	random_trans	black	0	120	0.069449	0
126	random	white	0	204	0.193283	0
126	random_trans	black	0	204	0.20262199999999989	0
127	random	white	0	189	0.15115199999999998	0
127	random_trans	black	0	189	0.15641199999999997	0
128	random	white	0	158	0.11569	0
128	random_trans	black	0	158	0.120731	0
129	random	white	0	91	0.042740000000000014	0
129	random_trans	black	0	91	0.043363	0
130	random	white	0	142	0.09967100000000001	0
130	random_trans	black	0	142	0.10238900000000001	0
131	random	white	0	194	0.1711450000000001	0
131	random_trans	black	0	194	0.18011400000000002	0
132	random	white	0	198	0.16899999999999996	0
132	random_trans	black	0	198	0.173859	0
133	random	white	0	195	0.16024300000000002	0
133	random_trans	black	0	195	0.16285999999999995	0
134	random	white	0	222	0.228953	0
134	random_trans	black	0	222	0.23259100000000008	0
135	random	white	0	226	0.2571889999999999	0
135	random_trans	black	0	226	0.2669659999999999	0
136	random	white	0	309	0.42818599999999957	0
136	random_trans	black	0	309	0.4334149999999998	0
137	random	white	0	203	0.17878699999999997	0
137	random_trans	black	0	203	0.185514	0
138	random	white	0	55	0.018601	-1
138	random_trans	black	0	55	0.021509	1
139	random	white	0	155	0.101948	0
139	random_trans	black	0	155	0.107958	0
140	random	white	0	45	0.014150000000000006	-1
140	random_trans	black	0	45	0.016422000000000003	1
141	random	white	0	83	0.036070000000000005	-1
141	random_trans	black	0	83	0.03960499999999999	1
142	random	white	0	37	0.011054	1
142	random_trans	black	0	37	0.012118999999999996	-1
143	random	white	0	178	0.16681100000000004	0
143	random_trans	black	0	178	0.1712579999999999	0
144	random	white	0	93	0.04388599999999999	-1
144	random_trans	black	0	93	0.04802	1
145	random	white	0	164	0.11495100000000004	0
145	random_trans	black	0	164	0.11697699999999998	0
146	random	white	0	264	0.3458399999999999	0
146	random_trans	black	0	264	0.348646	0
147	random	white	0	157	0.11608800000000004	0
147	random_trans	black	0	157	0.11989500000000002	0
148	random	white	0	154	0.09910900000000002	0
148	random_trans	black	0	154	0.10514599999999995	0
149	random	white	0	131	0.075359	-1
149	random_trans	black	0	131	0.08150199999999999	1
150	random	white	0	182	0.135976	0
150	random_trans	black	0	182	0.141137	0
151	random	white	0	218	0.25306600000000007	0
151	random_trans	black	0	218	0.261488	0
152	random	white	0	213	0.20008799999999993	0
152	random_trans	black	0	213	0.20621199999999998	0
153	random	white	0	199	0.21751399999999999	0
153	random_trans	black	0	199	0.22227599999999997	0
154	random	white	0	179	0.13776099999999997	1
154	random_trans	black	0	179	0.14462900000000004	-1
155	random	white	0	201	0.18015499999999993	0
155	random_trans	black	0	201	0.18367000000000003	0
156	random	white	0	207	0.17506700000000003	0
156	random_trans	black	0	207	0.17654299999999998	0
157	random	white	0	186	0.15393400000000002	0
157	random_trans	black	0	186	0.16080500000000003	0
158	random	white	0	57	0.019102	-1
158	random_trans	black	0	57	0.021449	1
159	random	white	0	136	0.08084199999999997	0
159	random_trans	black	0	136	0.08434	0
160	random	white	0	276	0.2979889999999999	0
160	random_trans	black	0	276	0.2974280000000001	0
161	random	white	0	119	0.06317500000000001	0
161	random_trans	black	0	119	0.068697	0
162	random	white	0	144	0.09163699999999998	0
162	random_trans	black	0	144	0.09553799999999998	0
163	random	white	0	105	0.05115099999999999	1
163	random_trans	black	0	105	0.05247400000000002	-1
164	random	white	0	209	0.19138599999999995	0
164	random_trans	black	0	209	0.19507700000000003	0
165	random	white	0	127	0.07491300000000002	0
165	random_trans	black	0	127	0.080469	0
166	random	white	0	279	0.34372600000000025	0
166	random_trans	black	0	279	0.35483599999999993	0
167	random	white	0	144	0.08669600000000002	0
167	random_trans	black	0	144	0.09314000000000001	0
168	random	white	0	261	0.2729100000000001	0
168	random_trans	black	0	261	0.291764	0
169	random	white	0	235	0.27336000000000005	0
169	random_trans	black	0	235	0.279406	0
170	random	white	0	168	0.11644	0
170	random_trans	black	0	168	0.12199700000000004	0
171	random	white	0	174	0.13790999999999998	0
171	random_trans	black	0	174	0.14561600000000008	0
172	random	white	0	192	0.16950599999999993	0
172	random_trans	black	0	192	0.17616200000000004	0
173	random	white	0	238	0.2547159999999999	0
173	random_trans	black	0	238	0.26070499999999996	0
174	random	white	0	218	0.27818300000000007	0
174	random_trans	black	0	218	0.2706	0
175	random	white	0	182	0.141571	0
175	random_trans	black	0	182	0.14346	0
176	random	white	0	176	0.13675499999999996	0
176	random_trans	black	0	176	0.13947700000000005	0
177	random	white	0	172	0.12380700000000003	0
177	random_trans	black	0	172	0.1271	0
178	random	white	0	245	0.274978	0
178	random_trans	black	0	245	0.2782739999999999	0
179	random	white	0	154	0.11344600000000003	0
179	random_trans	black	0	154	0.119448	0
180	random	white	0	314	0.48731699999999983	0
180	random_trans	black	0	314	0.493	0
181	random	white	0	179	0.14049999999999996	0
181	random_trans	black	0	179	0.14902500000000005	0
182	random	white	0	191	0.159125	0
182	random_trans	black	0	191	0.16495400000000002	0
183	random	white	0	180	0.156981	0
183	random_trans	black	0	180	0.16107299999999997	0
184	random	white	0	207	0.18818499999999994	0
184	random_trans	black	0	207	0.19409	0
185	random	white	0	87	0.036728000000000004	-1
185	random_trans	black	0	87	0.04220699999999998	1
186	random	white	0	188	0.16412599999999997	0
186	random_trans	black	0	188	0.17205599999999993	0
187	random	white	0	151	0.09886600000000004	0
187	random_trans	black	0	151	0.10506000000000003	0
188	random	white	0	172	0.12743800000000002	0
188	random_trans	black	0	172	0.13341600000000003	0
189	random	white	0	96	0.044265	-1
189	random_trans	black	0	96	0.049696000000000025	1
190	random	white	0	132	0.07928900000000001	0
190	random_trans	black	0	132	0.08318099999999998	0
191	random	white	0	83	0.035160000000000004	-1
191	random_trans	black	0	83	0.038722	1
192	random	white	0	179	0.13962600000000003	0
192	random_trans	black	0	179	0.14501900000000004	0
193	random	white	0	172	0.12076700000000001	0
193	random_trans	black	0	172	0.12518199999999996	0
194	random	white	0	266	0.36328900000000014	0
194	random_trans	black	0	266	0.361283	0
195	random	white	0	135	0.08222700000000002	0
195	random_trans	black	0	135	0.08709500000000008	0
196	random	white	0	198	0.15697799999999992	0
196	random_trans	black	0	198	0.1617520000000001	0
197	random	white	0	214	0.19769199999999998	0
197	random_trans	black	0	214	0.20447799999999994	0
198	random	white	0	254	0.31066499999999997	0
198	random_trans	black	0	254	0.31904200000000016	0
199	random	white	0	132	0.07919900000000002	0
199	random_trans	black	0	132	0.08482899999999996	0
200	random	white	0	198	0.20815599999999998	0
200	random_trans	black	0	198	0.21839400000000003	0
201	random	white	0	256	0.305844	0
201	random_trans	black	0	256	0.3194590000000001	0
202	random	white	0	200	0.1915	0
202	random_trans	black	0	200	0.20019399999999996	0
203	random	white	0	211	0.22356200000000007	0
203	random_trans	black	0	211	0.22682200000000002	0
204	random	white	0	261	0.329771	0
204	random_trans	black	0	261	0.33665999999999996	0
205	random	white	0	254	0.31063599999999997	0
205	random_trans	black	0	254	0.31407300000000005	0
206	random	white	0	177	0.13167099999999995	-1
206	random_trans	black	0	177	0.13763899999999998	1
207	random	white	0	177	0.13034099999999998	0
207	random_trans	black	0	177	0.135379	0
208	random	white	0	149	0.09449400000000002	0
208	random_trans	black	0	149	0.09776200000000004	0
209	random	white	0	177	0.13257999999999995	0
209	random_trans	black	0	177	0.13625999999999996	0
210	random	white	0	288	0.401408	0
210	random_trans	black	0	288	0.40734499999999985	0
211	random	white	0	210	0.23320399999999994	0
211	random_trans	black	0	210	0.238847	0
212	random	white	0	150	0.09936299999999995	0
212	random_trans	black	0	150	0.10398000000000004	0
213	random	white	0	284	0.36682899999999985	0
213	random_trans	black	0	284	0.3802059999999999	0
214	random	white	0	251	0.26571300000000003	0
214	random_trans	black	0	251	0.2748130000000001	0
215	random	white	0	50	0.016380000000000002	1
215	random_trans	black	0	50	0.018385	-1
216	random	white	0	21	0.004928999999999999	-1
216	random_trans	black	0	21	0.006308	1
217	random	white	0	190	0.157377	0
217	random_trans	black	0	190	0.1558320000000001	0
218	random	white	0	95	0.042630999999999995	-1
218	random_trans	black	0	95	0.04823499999999998	1
219	random	white	0	186	0.13548799999999994	0
219	random_trans	black	0	186	0.1449980000000001	0
220	random	white	0	209	0.2292840000000001	0
220	random_trans	black	0	209	0.23504400000000003	0
221	random	white	0	140	0.08612199999999998	0
221	random_trans	black	0	140	0.09128099999999999	0
222	random	white	0	194	0.15116799999999997	0
222	random_trans	black	0	194	0.16065499999999994	0
223	random	white	0	212	0.17355299999999987	0
223	random_trans	black	0	212	0.184098	0
224	random	white	0	44	0.014080000000000002	-1
224	random_trans	black	0	44	0.016495	1
225	random	white	0	240	0.22899900000000006	0
225	random_trans	black	0	240	0.238848	0
226	random	white	0	185	0.13747599999999996	0
226	random_trans	black	0	185	0.14804699999999993	0
227	random	white	0	159	0.110452	0
227	random_trans	black	0	159	0.112044	0
228	random	white	0	46	0.015038000000000001	-1
228	random_trans	black	0	46	0.01741	1
229	random	white	0	215	0.19658100000000006	0
229	random_trans	black	0	215	0.20539099999999993	0
230	random	white	0	216	0.18931099999999995	0
230	random_trans	black	0	216	0.19292499999999993	0
231	random	white	0	172	0.13617200000000002	0
231	random_trans	black	0	172	0.14046899999999998	0
232	random	white	0	163	0.12008100000000002	0
232	random_trans	black	0	163	0.12563999999999997	0
233	random	white	0	85	0.03899499999999999	1
233	random_trans	black	0	85	0.042174999999999976	-1
234	random	white	0	172	0.12130600000000005	0
234	random_trans	black	0	172	0.12739400000000003	0
235	random	white	0	195	0.15873600000000004	0
235	random_trans	black	0	195	0.16343499999999989	0
236	random	white	0	46	0.013974	-1
236	random_trans	black	0	46	0.016303	1
237	random	white	0	189	0.14023200000000002	-1
237	random_trans	black	0	189	0.149283	1
238	random	white	0	106	0.054355	1
238	random_trans	black	0	106	0.056473	-1
239	random	white	0	229	0.26923199999999997	0
239	random_trans	black	0	229	0.27665300000000004	0
240	random	white	0	221	0.26911199999999996	0
240	random_trans	black	0	221	0.27265399999999984	0
241	random	white	0	234	0.22453200000000012	0
241	random_trans	black	0	234	0.225456	0
242	random	white	0	128	0.074127	0
242	random_trans	black	0	128	0.07942599999999997	0
243	random	white	0	233	0.250065	0
243	random_trans	black	0	233	0.2575289999999999	0
244	random	white	0	233	0.22551199999999993	0
244	random_trans	black	0	233	0.2313530000000001	0
245	random	white	0	196	0.153036	0
245	random_trans	black	0	196	0.16425900000000002	0
246	random	white	0	76	0.03130399999999999	-1
246	random_trans	black	0	76	0.037556	1
247	random	white	0	154	0.10069300000000005	0
247	random_trans	black	0	154	0.10646300000000002	0
248	random	white	0	43	0.013659999999999997	1
248	random_trans	black	0	43	0.014799999999999999	-1
249	random	white	0	210	0.18227399999999988	0
249	random_trans	black	0	210	0.192967	0
250	random	white	0	276	0.350303	0
250	random_trans	black	0	276	0.3600030000000002	0
251	random	white	0	164	0.11618	0
251	random_trans	black	0	164	0.11865700000000001	0
252	random	white	0	163	0.11169900000000005	0
252	random_trans	black	0	163	0.112744	0
253	random	white	0	215	0.210502	0
253	random_trans	black	0	215	0.2211520000000001	0
254	random	white	0	120	0.06596399999999998	0
254	random_trans	black	0	120	0.06646100000000002	0
255	random	white	0	215	0.1995830000000001	0
255	random_trans	black	0	215	0.20952100000000007	0
256	random	white	0	161	0.12416000000000005	0
256	random_trans	black	0	161	0.131279	0
257	random	white	0	161	0.11987000000000003	0
257	random_trans	black	0	161	0.12366899999999997	0
258	random	white	0	233	0.2394139999999999	0
258	random_trans	black	0	233	0.2402190000000001	0
259	random	white	0	165	0.112374	0
259	random_trans	black	0	165	0.116079	0
260	random	white	0	142	0.08495699999999999	0
260	random_trans	black	0	142	0.09103300000000004	0
261	random	white	0	240	0.250341	0
261	random_trans	black	0	240	0.2650400000000001	0
262	random	white	0	266	0.302803	0
262	random_trans	black	0	266	0.30900799999999995	0
263	random	white	0	39	0.012294999999999997	1
263	random_trans	black	0	39	0.013840000000000002	-1
264	random	white	0	182	0.14629299999999995	0
264	random_trans	black	0	182	0.14604099999999998	0
265	random	white	0	107	0.05679899999999999	-1
265	random_trans	black	0	107	0.06268300000000002	1
266	random	white	0	152	0.10592899999999995	0
266	random_trans	black	0	152	0.11041500000000004	0
267	random	white	0	204	0.19062899999999994	0
267	random_trans	black	0	204	0.19323899999999994	0
268	random	white	0	257	0.320382	0
268	random_trans	black	0	257	0.32538600000000006	0
269	random	white	0	188	0.169552	0
269	random_trans	black	0	188	0.17382999999999998	0
270	random	white	0	135	0.08335900000000002	0
270	random_trans	black	0	135	0.08722300000000001	0
271	random	white	0	81	0.03558599999999999	1
271	random_trans	black	0	81	0.03757800000000001	-1
272	random	white	0	136	0.07809299999999998	-1
272	random_trans	black	0	136	0.08488299999999999	1
273	random	white	0	261	0.31523499999999993	0
273	random_trans	black	0	261	0.32191499999999995	0
274	random	white	0	263	0.32893599999999995	0
274	random_trans	black	0	263	0.33416100000000004	0
275	random	white	0	177	0.13059700000000005	0
275	random_trans	black	0	177	0.13538000000000003	0
276	random	white	0	160	0.10977200000000001	0
276	random_trans	black	0	160	0.11467299999999996	0
277	random	white	0	98	0.047236	-1
277	random_trans	black	0	98	0.05138800000000001	1
278	random	white	0	313	0.4576020000000003	0
278	random_trans	black	0	313	0.4638930000000001	0
279	random	white	0	169	0.12509699999999999	0
279	random_trans	black	0	169	0.131423	0
280	random	white	0	172	0.12271800000000002	0
280	random_trans	black	0	172	0.12731099999999998	0
281	random	white	0	204	0.23805400000000004	0
281	random_trans	black	0	204	0.2459429999999999	0
282	random	white	0	232	0.24833900000000003	0
282	random_trans	black	0	232	0.25929300000000005	0
283	random	white	0	15	0.003386	1
283	random_trans	black	0	15	0.003795	-1
284	random	white	0	34	0.009784999999999999	1
284	random_trans	black	0	34	0.01078	-1
285	random	white	0	197	0.15494499999999994	0
285	random_trans	black	0	197	0.16186200000000006	0
286	random	white	0	143	0.08820399999999998	0
286	random_trans	black	0	143	0.09470300000000001	0
287	random	white	0	201	0.1932220000000001	0
287	random_trans	black	0	201	0.19933999999999985	0
288	random	white	0	28	0.007365999999999999	1
288	random_trans	black	0	28	0.008638	-1
289	random	white	0	185	0.14368599999999995	0
289	random_trans	black	0	185	0.15010199999999999	0
290	random	white	0	169	0.12820299999999998	0
290	random_trans	black	0	169	0.13392600000000002	0
291	random	white	0	268	0.302547	0
291	random_trans	black	0	268	0.311314	0
292	random	white	0	204	0.16804399999999997	0
292	random_trans	black	0	204	0.17392900000000006	0
293	random	white	0	165	0.11347600000000002	0
293	random_trans	black	0	165	0.12044299999999998	0
294	random	white	0	178	0.12841299999999994	0
294	random_trans	black	0	178	0.136923	0
295	random	white	0	197	0.162042	0
295	random_trans	black	0	197	0.17000599999999993	0
296	random	white	0	154	0.10507200000000003	0
296	random_trans	black	0	154	0.10867199999999999	0
297	random	white	0	215	0.203992	0
297	random_trans	black	0	215	0.20909400000000006	0
298	random	white	0	19	0.0046630000000000005	1
298	random_trans	black	0	19	0.005043	-1
299	random	white	0	176	0.13903100000000002	-1
299	random_trans	black	0	176	0.15008099999999996	1
