game_number	agent_type	agent_color	agent_depth	agent_num_moves	agent_decision_time	game_result
0	random	white	0	158	0.10207999999999996	0
0	random_trans	black	0	158	0.10926	0
1	random	white	0	169	0.13923	0
1	random_trans	black	0	169	0.145474	0
2	random	white	0	158	0.11454800000000002	0
2	random_trans	black	0	158	0.123475	0
3	random	white	0	169	0.12638299999999997	0
3	random_trans	black	0	169	0.12989399999999998	0
4	random	white	0	156	0.103998	0
4	random_trans	black	0	156	0.107421	0
5	random	white	0	161	0.11045599999999997	0
5	random_trans	black	0	161	0.11452100000000003	0
6	random	white	0	185	0.13489900000000007	0
6	random_trans	black	0	185	0.14138499999999993	0
7	random	white	0	218	0.20614799999999997	0
7	random_trans	black	0	218	0.21582800000000005	0
8	random	white	0	160	0.11181499999999997	0
8	random_trans	black	0	160	0.11546800000000002	0
9	random	white	0	48	0.015590999999999999	1
9	random_trans	black	0	48	0.017324000000000003	-1
10	random	white	0	185	0.154493	0
10	random_trans	black	0	185	0.16145200000000004	0
11	random	white	0	182	0.14313300000000007	0
11	random_trans	black	0	182	0.1501770000000001	0
12	random	white	0	234	0.2971190000000001	0
12	random_trans	black	0	234	0.295121	0
13	random	white	0	259	0.27661199999999997	0
13	random_trans	black	0	259	0.287007	0
14	random	white	0	126	0.06874300000000001	0
14	random_trans	black	0	126	0.072347	0
15	random	white	0	231	0.26464800000000005	0
15	random_trans	black	0	231	0.267547	0
16	random	white	0	216	0.2578020000000001	0
16	random_trans	black	0	216	0.26362500000000005	0
17	random	white	0	81	0.036233999999999995	1
17	random_trans	black	0	81	0.039236000000000014	-1
18	random	white	0	218	0.19517400000000001	0
18	random_trans	black	0	218	0.19633900000000004	0
19	random	white	0	243	0.245437	0
19	random_trans	black	0	243	0.25608700000000006	0
20	random	white	0	194	0.15881999999999996	0
20	random_trans	black	0	194	0.16560299999999994	0
21	random	white	0	161	0.11426199999999997	0
21	random_trans	black	0	161	0.118492	0
22	random	white	0	205	0.18291399999999997	0
22	random_trans	black	0	205	0.1828550000000001	0
23	random	white	0	148	0.09896300000000002	0
23	random_trans	black	0	148	0.10260999999999998	0
24	random	white	0	125	0.07277100000000003	0
24	random_trans	black	0	125	0.07488399999999999	0
25	random	white	0	161	0.11172499999999996	0
25	random_trans	black	0	161	0.116855	0
26	random	white	0	164	0.11095700000000004	0
26	random_trans	black	0	164	0.114153	0
27	random	white	0	268	0.3370769999999999	0
27	random_trans	black	0	268	0.3484509999999999	0
28	random	white	0	247	0.30994700000000003	0
28	random_trans	black	0	247	0.31870800000000005	0
29	random	white	0	231	0.22565699999999997	0
29	random_trans	black	0	231	0.23788799999999993	0
30	random	white	0	128	0.07212799999999997	0
30	random_trans	black	0	128	0.07580200000000001	0
31	random	white	0	198	0.18210199999999999	0
31	random_trans	black	0	198	0.1834719999999999	0
32	random	white	0	255	0.3188049999999999	0
32	random_trans	black	0	255	0.320846	0
33	random	white	0	197	0.164491	0
33	random_trans	black	0	197	0.16191199999999997	0
34	random	white	0	311	0.43814999999999976	0
34	random_trans	black	0	311	0.44450300000000004	0
35	random	white	0	235	0.253256	0
35	random_trans	black	0	235	0.26804599999999984	0
36	random	white	0	164	0.122604	0
36	random_trans	black	0	164	0.12664500000000006	0
37	random	white	0	73	0.03136500000000001	1
37	random_trans	black	0	73	0.03233200000000001	-1
38	random	white	0	199	0.219128	0
38	random_trans	black	0	199	0.22087600000000007	0
39	random	white	0	174	0.15337999999999996	0
39	random_trans	black	0	174	0.16394099999999995	0
40	random	white	0	132	0.07676000000000005	0
40	random_trans	black	0	132	0.08190899999999998	0
41	random	white	0	93	0.042890000000000005	0
41	random_trans	black	0	93	0.04520299999999999	0
42	random	white	0	220	0.24272399999999988	0
42	random_trans	black	0	220	0.2454969999999999	0
43	random	white	0	178	0.15843100000000007	0
43	random_trans	black	0	178	0.16022300000000003	0
44	random	white	0	211	0.18909700000000002	0
44	random_trans	black	0	211	0.1910549999999999	0
45	random	white	0	185	0.15521599999999994	0
45	random_trans	black	0	185	0.15612000000000004	0
46	random	white	0	187	0.16731799999999994	0
46	random_trans	black	0	187	0.1772829999999999	0
47	random	white	0	224	0.25192	0
47	random_trans	black	0	224	0.25843200000000005	0
48	random	white	0	140	0.08307200000000003	0
48	random_trans	black	0	140	0.08855400000000001	0
49	random	white	0	64	0.024237999999999996	1
49	random_trans	black	0	64	0.026536	-1
50	random	white	0	104	0.04922100000000002	-1
50	random_trans	black	0	104	0.05287299999999999	1
51	random	white	0	156	0.102841	0
51	random_trans	black	0	156	0.10755599999999997	0
52	random	white	0	249	0.29190299999999986	0
52	random_trans	black	0	249	0.2984389999999998	0
53	random	white	0	100	0.04735599999999999	1
53	random_trans	black	0	100	0.05030400000000001	-1
54	random	white	0	235	0.25793199999999994	0
54	random_trans	black	0	235	0.262536	0
55	random	white	0	49	0.017084	-1
55	random_trans	black	0	49	0.019342	1
56	random	white	0	189	0.15802199999999997	0
56	random_trans	black	0	189	0.16269499999999998	0
57	random	white	0	142	0.08526299999999999	0
57	random_trans	black	0	142	0.08704799999999999	0
58	random	white	0	293	0.3811969999999997	0
58	random_trans	black	0	293	0.387919	0
59	random	white	0	181	0.14100500000000002	0
59	random_trans	black	0	181	0.14391499999999996	0
60	random	white	0	134	0.07331700000000001	0
60	random_trans	black	0	134	0.07902600000000003	0
61	random	white	0	215	0.18936300000000014	0
61	random_trans	black	0	215	0.20240100000000005	0
62	random	white	0	264	0.3024189999999998	0
62	random_trans	black	0	264	0.314672	0
63	random	white	0	132	0.07488	0
63	random_trans	black	0	132	0.07756199999999999	0
64	random	white	0	160	0.109658	0
64	random_trans	black	0	160	0.112127	0
65	random	white	0	226	0.2356510000000001	0
65	random_trans	black	0	226	0.23998999999999998	0
66	random	white	0	175	0.11940300000000002	0
66	random_trans	black	0	175	0.12499499999999993	0
67	random	white	0	161	0.10097400000000001	0
67	random_trans	black	0	161	0.10741000000000002	0
68	random	white	0	147	0.09503500000000004	0
68	random_trans	black	0	147	0.09904299999999998	0
69	random	white	0	157	0.09981799999999998	0
69	random_trans	black	0	157	0.10486799999999995	0
70	random	white	0	166	0.11147399999999998	0
70	random_trans	black	0	166	0.11562499999999998	0
71	random	white	0	219	0.2329599999999999	0
71	random_trans	black	0	219	0.23665600000000003	0
72	random	white	0	228	0.26413200000000003	0
72	random_trans	black	0	228	0.27511699999999994	0
73	random	white	0	216	0.20234700000000008	0
73	random_trans	black	0	216	0.201315	0
74	random	white	0	172	0.13599200000000006	0
74	random_trans	black	0	172	0.14205600000000007	0
75	random	white	0	81	0.035499	-1
75	random_trans	black	0	81	0.04072399999999999	1
76	random	white	0	146	0.096177	0
76	random_trans	black	0	146	0.09914900000000004	0
77	random	white	0	188	0.166173	0
77	random_trans	black	0	188	0.17098400000000002	0
78	random	white	0	210	0.18580700000000008	0
78	random_trans	black	0	210	0.192621	0
79	random	white	0	86	0.0377	-1
79	random_trans	black	0	86	0.04373600000000001	1
80	random	white	0	205	0.22050999999999993	0
80	random_trans	black	0	205	0.22377999999999998	0
81	random	white	0	214	0.1976709999999999	0
81	random_trans	black	0	214	0.19949299999999995	0
82	random	white	0	138	0.08610799999999996	0
82	random_trans	black	0	138	0.096186	0
83	random	white	0	157	0.10338100000000004	0
83	random_trans	black	0	157	0.11027399999999994	0
84	random	white	0	289	0.39588999999999996	0
84	random_trans	black	0	289	0.4032599999999999	0
85	random	white	0	173	0.12349800000000005	-1
85	random_trans	black	0	173	0.13187999999999997	1
86	random	white	0	143	0.08896900000000002	0
86	random_trans	black	0	143	0.09666300000000003	0
87	random	white	0	313	0.45692799999999983	0
87	random_trans	black	0	313	0.46950600000000003	0
88	random	white	0	83	0.036112	-1
88	random_trans	black	0	83	0.040989000000000005	1
89	random	white	0	135	0.07925400000000002	0
89	random_trans	black	0	135	0.08386000000000002	0
90	random	white	0	232	0.29628499999999997	0
90	random_trans	black	0	232	0.30122499999999997	0
91	random	white	0	19	0.0043219999999999995	-1
91	random_trans	black	0	19	0.005545	1
92	random	white	0	163	0.11244800000000003	0
92	random_trans	black	0	163	0.11679999999999997	0
93	random	white	0	173	0.124034	0
93	random_trans	black	0	173	0.12986999999999999	0
94	random	white	0	254	0.3181920000000001	0
94	random_trans	black	0	254	0.321524	0
95	random	white	0	165	0.11673200000000004	0
95	random_trans	black	0	165	0.12193400000000007	0
96	random	white	0	96	0.04500499999999999	0
96	random_trans	black	0	96	0.04814999999999999	0
97	random	white	0	164	0.11544399999999999	0
97	random_trans	black	0	164	0.12000900000000002	0
98	random	white	0	233	0.21586099999999994	0
98	random_trans	black	0	233	0.2234029999999999	0
99	random	white	0	175	0.13418300000000002	0
99	random_trans	black	0	175	0.14040499999999995	0
100	random	white	0	205	0.23365200000000005	0
100	random_trans	black	0	205	0.24369600000000005	0
101	random	white	0	189	0.14759600000000006	0
101	random_trans	black	0	189	0.15516699999999997	0
102	random	white	0	286	0.395866	0
102	random_trans	black	0	286	0.404394	0
103	random	white	0	127	0.07330900000000001	1
103	random_trans	black	0	127	0.07631799999999998	-1
104	random	white	0	256	0.25594599999999984	0
104	random_trans	black	0	256	0.26101000000000013	0
105	random	white	0	221	0.18660800000000002	0
105	random_trans	black	0	221	0.19752700000000012	0
106	random	white	0	210	0.22221199999999994	0
106	random_trans	black	0	210	0.22755799999999984	0
107	random	white	0	106	0.054604	0
107	random_trans	black	0	106	0.05882	0
108	random	white	0	256	0.315783	0
108	random_trans	black	0	256	0.3236309999999999	0
109	random	white	0	62	0.023424000000000007	1
109	random_trans	black	0	62	0.025018000000000002	-1
110	random	white	0	56	0.019535999999999998	-1
110	random_trans	black	0	56	0.021778000000000006	1
111	random	white	0	259	0.3535650000000001	0
111	random_trans	black	0	259	0.3586620000000001	0
112	random	white	0	208	0.187797	0
112	random_trans	black	0	208	0.1932420000000001	0
113	random	white	0	126	0.06908099999999999	0
113	random_trans	black	0	126	0.07302399999999996	0
114	random	white	0	214	0.18917600000000007	0
114	random_trans	black	0	214	0.19712200000000002	0
115	random	white	0	150	0.11840099999999999	0
115	random_trans	black	0	150	0.12078099999999997	0
116	random	white	0	218	0.199833	0
116	random_trans	black	0	218	0.207427	0
117	random	white	0	156	0.09910199999999997	0
117	random_trans	black	0	156	0.10689800000000002	0
118	random	white	0	91	0.041666999999999975	1
118	random_trans	black	0	91	0.04422	-1
119	random	white	0	57	0.020171	-1
119	random_trans	black	0	57	0.021961000000000005	1
120	random	white	0	106	0.05159799999999999	-1
120	random_trans	black	0	106	0.056998	1
121	random	white	0	198	0.1783069999999999	0
121	random_trans	black	0	198	0.18504200000000004	0
122	random	white	0	272	0.3037289999999999	0
122	random_trans	black	0	272	0.3078989999999999	0
123	random	white	0	174	0.11910399999999997	0
123	random_trans	black	0	174	0.12424800000000003	0
124	random	white	0	270	0.28862899999999986	0
124	random_trans	black	0	270	0.29405899999999996	0
125	random	white	0	268	0.32019900000000023	0
125	random_trans	black	0	268	0.329002	0
126	random	white	0	169	0.117874	0
126	random_trans	black	0	169	0.12595800000000004	0
127	random	white	0	84	0.03545000000000001	-1
127	random_trans	black	0	84	0.039159	1
128	random	white	0	76	0.03109	-1
128	random_trans	black	0	76	0.03454599999999999	1
129	random	white	0	147	0.09971399999999997	0
129	random_trans	black	0	147	0.10328999999999999	0
130	random	white	0	260	0.29365799999999975	0
130	random_trans	black	0	260	0.29440799999999984	0
131	random	white	0	187	0.2070449999999999	0
131	random_trans	black	0	187	0.21829199999999999	0
132	random	white	0	130	0.07181900000000002	0
132	random_trans	black	0	130	0.07530399999999998	0
133	random	white	0	142	0.08563099999999998	0
133	random_trans	black	0	142	0.090613	0
134	random	white	0	73	0.030317999999999994	1
134	random_trans	black	0	73	0.031813	-1
135	random	white	0	196	0.16202700000000006	0
135	random_trans	black	0	196	0.16555799999999998	0
136	random	white	0	51	0.017365000000000002	1
136	random_trans	black	0	51	0.01915	-1
137	random	white	0	203	0.2353810000000001	0
137	random_trans	black	0	203	0.23594700000000007	0
138	random	white	0	145	0.09675	0
138	random_trans	black	0	145	0.09969599999999998	0
139	random	white	0	126	0.07016699999999998	0
139	random_trans	black	0	126	0.073396	0
140	random	white	0	146	0.09271400000000002	0
140	random_trans	black	0	146	0.09812799999999999	0
141	random	white	0	308	0.47629299999999997	0
141	random_trans	black	0	308	0.48484900000000014	0
142	random	white	0	90	0.038481	-1
142	random_trans	black	0	90	0.042585999999999985	1
143	random	white	0	226	0.22084499999999993	0
143	random_trans	black	0	226	0.22663600000000003	0
144	random	white	0	199	0.22424500000000003	0
144	random_trans	black	0	199	0.22686600000000004	0
145	random	white	0	106	0.050178999999999994	0
145	random_trans	black	0	106	0.05521300000000002	0
146	random	white	0	178	0.14012400000000008	0
146	random_trans	black	0	178	0.14367400000000005	0
147	random	white	0	88	0.039775	0
147	random_trans	black	0	88	0.04057599999999999	0
148	random	white	0	283	0.3912689999999998	0
148	random_trans	black	0	283	0.39325600000000005	0
149	random	white	0	129	0.07432799999999999	0
149	random_trans	black	0	129	0.080887	0
150	random	white	0	170	0.18696499999999996	0
150	random_trans	black	0	170	0.19383699999999995	0
151	random	white	0	153	0.103764	0
151	random_trans	black	0	153	0.10829900000000002	0
152	random	white	0	175	0.1299150000000001	0
152	random_trans	black	0	175	0.13527199999999998	0
153	random	white	0	153	0.09878199999999997	0
153	random_trans	black	0	153	0.105586	0
154	random	white	0	129	0.074975	-1
154	random_trans	black	0	129	0.08267299999999997	1
155	random	white	0	90	0.03831900000000001	-1
155	random_trans	black	0	90	0.04292699999999999	1
156	random	white	0	172	0.12342600000000004	0
156	random_trans	black	0	172	0.12994000000000003	0
157	random	white	0	129	0.07415400000000001	0
157	random_trans	black	0	129	0.07954200000000002	0
158	random	white	0	15	0.003229	1
158	random_trans	black	0	15	0.003717	-1
159	random	white	0	256	0.330981	0
159	random_trans	black	0	256	0.3345270000000001	0
160	random	white	0	267	0.28702400000000017	0
160	random_trans	black	0	267	0.2942020000000001	0
161	random	white	0	161	0.104658	0
161	random_trans	black	0	161	0.10854099999999996	0
162	random	white	0	43	0.013662000000000002	-1
162	random_trans	black	0	43	0.015588	1
163	random	white	0	194	0.154842	0
163	random_trans	black	0	194	0.16019800000000006	0
164	random	white	0	209	0.24106600000000003	0
164	random_trans	black	0	209	0.24339800000000003	0
165	random	white	0	192	0.16069899999999998	0
165	random_trans	black	0	192	0.16054300000000007	0
166	random	white	0	138	0.080975	-1
166	random_trans	black	0	138	0.086281	1
167	random	white	0	275	0.32386500000000007	0
167	random_trans	black	0	275	0.33753999999999995	0
168	random	white	0	163	0.12423199999999995	0
168	random_trans	black	0	163	0.13156600000000002	0
169	random	white	0	206	0.19045899999999993	0
169	random_trans	black	0	206	0.19154000000000004	0
170	random	white	0	85	0.03878000000000001	-1
170	random_trans	black	0	85	0.043273999999999986	1
171	random	white	0	159	0.105442	0
171	random_trans	black	0	159	0.11327800000000002	0
172	random	white	0	139	0.08130999999999998	0
172	random_trans	black	0	139	0.08708800000000001	0
173	random	white	0	160	0.11173999999999998	0
173	random_trans	black	0	160	0.11235000000000003	0
174	random	white	0	225	0.200195	0
174	random_trans	black	0	225	0.20823699999999992	0
175	random	white	0	184	0.13910199999999998	0
175	random_trans	black	0	184	0.145847	0
176	random	white	0	227	0.207914	0
176	random_trans	black	0	227	0.2193459999999999	0
177	random	white	0	182	0.14612599999999992	0
177	random_trans	black	0	182	0.14544400000000016	0
178	random	white	0	158	0.10867200000000005	1
178	random_trans	black	0	158	0.11298499999999997	-1
179	random	white	0	262	0.34380499999999997	0
179	random_trans	black	0	262	0.353947	0
180	random	white	0	187	0.14846800000000002	0
180	random_trans	black	0	187	0.151871	0
181	random	white	0	209	0.19067799999999996	0
181	random_trans	black	0	209	0.19672400000000007	0
182	random	white	0	78	0.032917	0
182	random_trans	black	0	78	0.037135999999999995	0
183	random	white	0	223	0.19128099999999995	0
183	random_trans	black	0	223	0.20186399999999996	0
184	random	white	0	69	0.02761199999999999	0
184	random_trans	black	0	69	0.02799300000000001	0
185	random	white	0	142	0.08508899999999996	0
185	random_trans	black	0	142	0.08940700000000004	0
186	random	white	0	177	0.14496099999999998	0
186	random_trans	black	0	177	0.146492	0
187	random	white	0	251	0.33211899999999983	0
187	random_trans	black	0	251	0.33638099999999993	0
188	random	white	0	212	0.24782400000000004	0
188	random_trans	black	0	212	0.2518319999999999	0
189	random	white	0	129	0.075699	0
189	random_trans	black	0	129	0.08037700000000005	0
190	random	white	0	87	0.04141099999999999	0
190	random_trans	black	0	87	0.042096000000000015	0
191	random	white	0	247	0.26535899999999996	0
191	random_trans	black	0	247	0.2694920000000001	0
192	random	white	0	78	0.033117000000000014	1
192	random_trans	black	0	78	0.035087	-1
193	random	white	0	247	0.29876599999999987	0
193	random_trans	black	0	247	0.3052369999999999	0
194	random	white	0	192	0.224186	0
194	random_trans	black	0	192	0.228349	0
195	random	white	0	135	0.08705999999999997	0
195	random_trans	black	0	135	0.09274999999999997	0
196	random	white	0	142	0.08711799999999997	0
196	random_trans	black	0	142	0.09218100000000004	0
197	random	white	0	112	0.05880299999999998	-1
197	random_trans	black	0	112	0.062763	1
198	random	white	0	173	0.12768199999999996	0
198	random_trans	black	0	173	0.12951000000000004	0
199	random	white	0	127	0.07568000000000001	-1
199	random_trans	black	0	127	0.08342599999999997	1
200	random	white	0	31	0.008981999999999999	-1
200	random_trans	black	0	31	0.010430000000000005	1
201	random	white	0	64	0.02574599999999999	1
201	random_trans	black	0	64	0.027120999999999996	-1
202	random	white	0	46	0.014981000000000001	1
202	random_trans	black	0	46	0.017018	-1
203	random	white	0	182	0.16374900000000003	0
203	random_trans	black	0	182	0.16885000000000003	0
204	random	white	0	126	0.072042	0
204	random_trans	black	0	126	0.077859	0
205	random	white	0	272	0.307147	-1
205	random_trans	black	0	272	0.32055000000000006	1
206	random	white	0	195	0.15258100000000005	0
206	random_trans	black	0	195	0.15778400000000004	0
207	random	white	0	225	0.27239	0
207	random_trans	black	0	225	0.27603800000000006	0
208	random	white	0	260	0.3321350000000001	0
208	random_trans	black	0	260	0.3407660000000002	0
209	random	white	0	227	0.21607100000000018	0
209	random_trans	black	0	227	0.224109	0
210	random	white	0	220	0.21136999999999992	0
210	random_trans	black	0	220	0.21764	0
211	random	white	0	42	0.013596999999999996	-1
211	random_trans	black	0	42	0.014746000000000004	1
212	random	white	0	196	0.15440499999999996	0
212	random_trans	black	0	196	0.16142600000000004	0
213	random	white	0	65	0.024195	-1
213	random_trans	black	0	65	0.027937000000000003	1
214	random	white	0	98	0.045842999999999995	0
214	random_trans	black	0	98	0.05235000000000002	0
215	random	white	0	165	0.11487299999999999	0
215	random_trans	black	0	165	0.11708299999999999	0
216	random	white	0	174	0.13913800000000004	0
216	random_trans	black	0	174	0.14580999999999994	0
217	random	white	0	144	0.09230699999999997	0
217	random_trans	black	0	144	0.09866699999999998	0
218	random	white	0	82	0.034385	-1
218	random_trans	black	0	82	0.038349	1
219	random	white	0	56	0.019527000000000003	-1
219	random_trans	black	0	56	0.02266200000000001	1
220	random	white	0	178	0.13993799999999998	0
220	random_trans	black	0	178	0.14804600000000004	0
221	random	white	0	209	0.18445499999999992	0
221	random_trans	black	0	209	0.18797699999999992	0
222	random	white	0	240	0.230152	0
222	random_trans	black	0	240	0.24211600000000014	0
223	random	white	0	153	0.099492	1
223	random_trans	black	0	153	0.103212	-1
224	random	white	0	291	0.33759300000000014	1
224	random_trans	black	0	291	0.342999	-1
225	random	white	0	173	0.120671	0
225	random_trans	black	0	173	0.126453	0
226	random	white	0	273	0.3022600000000002	0
226	random_trans	black	0	273	0.317134	0
227	random	white	0	253	0.2906299999999999	0
227	random_trans	black	0	253	0.30089199999999994	0
228	random	white	0	250	0.27311500000000005	0
228	random_trans	black	0	250	0.2762549999999999	0
229	random	white	0	200	0.17834599999999992	0
229	random_trans	black	0	200	0.1858300000000001	0
230	random	white	0	183	0.15868199999999996	0
230	random_trans	black	0	183	0.16401899999999997	0
231	random	white	0	239	0.29073599999999994	0
231	random_trans	black	0	239	0.29357500000000003	0
232	random	white	0	214	0.19744299999999992	0
232	random_trans	black	0	214	0.20539399999999997	0
233	random	white	0	216	0.232356	0
233	random_trans	black	0	216	0.2373919999999999	0
234	random	white	0	306	0.398966	0
234	random_trans	black	0	306	0.4118749999999998	0
235	random	white	0	339	0.5394220000000001	0
235	random_trans	black	0	339	0.5467620000000003	0
236	random	white	0	148	0.096661	0
236	random_trans	black	0	148	0.09925099999999998	0
237	random	white	0	158	0.10700199999999999	0
237	random_trans	black	0	158	0.11343000000000002	0
238	random	white	0	127	0.07661000000000001	0
238	random_trans	black	0	127	0.08191000000000002	0
239	random	white	0	130	0.07527199999999998	0
239	random_trans	black	0	130	0.079244	0
240	random	white	0	256	0.3160139999999999	0
240	random_trans	black	0	256	0.32326000000000005	0
241	random	white	0	202	0.16665499999999997	0
241	random_trans	black	0	202	0.17089100000000004	0
242	random	white	0	238	0.28557099999999985	0
242	random_trans	black	0	238	0.28973799999999994	0
243	random	white	0	143	0.08837199999999996	0
243	random_trans	black	0	143	0.09306299999999998	0
244	random	white	0	234	0.25855400000000006	0
244	random_trans	black	0	234	0.26846800000000015	0
245	random	white	0	247	0.25630500000000006	0
245	random_trans	black	0	247	0.264595	0
246	random	white	0	217	0.255855	0
246	random_trans	black	0	217	0.2609800000000001	0
247	random	white	0	206	0.17891700000000002	0
247	random_trans	black	0	206	0.18135299999999988	0
248	random	white	0	172	0.13305	0
248	random_trans	black	0	172	0.134461	0
249	random	white	0	147	0.13348600000000005	0
249	random_trans	black	0	147	0.13858199999999996	0
250	random	white	0	172	0.12316899999999996	0
250	random_trans	black	0	172	0.124057	0
251	random	white	0	145	0.09339000000000001	0
251	random_trans	black	0	145	0.10129399999999995	0
252	random	white	0	279	0.3758409999999999	0
252	random_trans	black	0	279	0.38533800000000007	0
253	random	white	0	16	0.0038540000000000002	-1
253	random_trans	black	0	16	0.004539	1
254	random	white	0	239	0.24648599999999996	0
254	random_trans	black	0	239	0.2582660000000001	0
255	random	white	0	205	0.16845999999999994	0
255	random_trans	black	0	205	0.17763600000000002	0
256	random	white	0	237	0.294653	0
256	random_trans	black	0	237	0.29936000000000007	0
257	random	white	0	210	0.17755500000000005	0
257	random_trans	black	0	210	0.18702600000000005	0
258	random	white	0	74	0.030474	1
258	random_trans	black	0	74	0.030958000000000013	-1
259	random	white	0	177	0.12851699999999996	0
259	random_trans	black	0	177	0.13269499999999995	0
260	random	white	0	96	0.04427499999999999	0
260	random_trans	black	0	96	0.04933300000000001	0
261	random	white	0	57	0.019888999999999997	1
261	random_trans	black	0	57	0.021732	-1
262	random	white	0	67	0.024712000000000005	-1
262	random_trans	black	0	67	0.027992000000000003	1
263	random	white	0	45	0.015268000000000002	1
263	random_trans	black	0	45	0.017071000000000003	-1
264	random	white	0	191	0.18154100000000006	0
264	random_trans	black	0	191	0.19043199999999996	0
265	random	white	0	201	0.17588600000000001	0
265	random_trans	black	0	201	0.1814869999999999	0
266	random	white	0	246	0.24698400000000004	0
266	random_trans	black	0	246	0.25559600000000016	0
267	random	white	0	205	0.16717399999999993	0
267	random_trans	black	0	205	0.17094799999999993	0
268	random	white	0	62	0.023011	-1
268	random_trans	black	0	62	0.024205	1
269	random	white	0	156	0.10977200000000001	0
269	random_trans	black	0	156	0.11470700000000002	0
270	random	white	0	253	0.31650200000000017	0
270	random_trans	black	0	253	0.3178459999999999	0
271	random	white	0	43	0.013084999999999998	-1
271	random_trans	black	0	43	0.015325	1
272	random	white	0	230	0.278326	0
272	random_trans	black	0	230	0.2814409999999999	0
273	random	white	0	95	0.045074	1
273	random_trans	black	0	95	0.04765200000000001	-1
274	random	white	0	86	0.03763800000000001	1
274	random_trans	black	0	86	0.03890799999999999	-1
275	random	white	0	127	0.070365	0
275	random_trans	black	0	127	0.07895999999999999	0
276	random	white	0	168	0.11410699999999999	0
276	random_trans	black	0	168	0.12090699999999997	0
277	random	white	0	147	0.094555	0
277	random_trans	black	0	147	0.09763299999999994	0
278	random	white	0	148	0.11562200000000003	0
278	random_trans	black	0	148	0.12152700000000002	0
279	random	white	0	233	0.23489300000000002	0
279	random_trans	black	0	233	0.241029	0
280	random	white	0	235	0.289778	0
280	random_trans	black	0	235	0.29610999999999993	0
281	random	white	0	167	0.11896499999999999	0
281	random_trans	black	0	167	0.12259499999999993	0
282	random	white	0	258	0.30658600000000014	0
282	random_trans	black	0	258	0.31898800000000005	0
283	random	white	0	284	0.34072100000000016	0
283	random_trans	black	0	284	0.34132699999999977	0
284	random	white	0	194	0.15561200000000003	0
284	random_trans	black	0	194	0.16091600000000006	0
285	random	white	0	218	0.23370900000000003	0
285	random_trans	black	0	218	0.23922399999999996	0
286	random	white	0	129	0.07377300000000002	0
286	random_trans	black	0	129	0.07852400000000001	0
287	random	white	0	150	0.09770899999999996	0
287	random_trans	black	0	150	0.10170799999999998	0
288	random	white	0	169	0.12058600000000001	0
288	random_trans	black	0	169	0.12922499999999998	0
289	random	white	0	253	0.31654899999999997	0
289	random_trans	black	0	253	0.32254399999999994	0
290	random	white	0	40	0.012215000000000002	-1
290	random_trans	black	0	40	0.013955000000000004	1
291	random	white	0	169	0.11813799999999998	0
291	random_trans	black	0	169	0.119921	0
292	random	white	0	76	0.031435000000000005	-1
292	random_trans	black	0	76	0.03471400000000001	1
293	random	white	0	21	0.005313999999999999	-1
293	random_trans	black	0	21	0.006207	1
294	random	white	0	156	0.10343999999999999	0
294	random_trans	black	0	156	0.10779799999999998	0
295	random	white	0	226	0.22814499999999996	0
295	random_trans	black	0	226	0.243568	0
296	random	white	0	240	0.2931559999999998	0
296	random_trans	black	0	240	0.30447900000000006	0
297	random	white	0	88	0.04218400000000002	-1
297	random_trans	black	0	88	0.04372	1
298	random	white	0	300	0.36967799999999995	0
298	random_trans	black	0	300	0.3739359999999998	0
299	random	white	0	182	0.13035900000000003	0
299	random_trans	black	0	182	0.13464899999999996	0
