game_number	agent_type	agent_color	agent_depth	agent_num_moves	agent_decision_time	game_result
0	random	white	0	229	0.2554580000000001	0
0	random_trans	black	0	229	0.26454400000000017	0
1	random	white	0	171	0.129862	0
1	random_trans	black	0	171	0.13479400000000002	0
2	random	white	0	227	0.22825399999999996	0
2	random_trans	black	0	227	0.23681499999999997	0
3	random	white	0	163	0.11051699999999999	0
3	random_trans	black	0	163	0.11791400000000003	0
4	random	white	0	163	0.12032000000000005	0
4	random_trans	black	0	163	0.12750899999999996	0
5	random	white	0	263	0.29183399999999987	0
5	random_trans	black	0	263	0.299435	0
6	random	white	0	208	0.20185999999999993	0
6	random_trans	black	0	208	0.20519699999999988	0
7	random	white	0	230	0.21033599999999994	0
7	random_trans	black	0	230	0.21328699999999987	0
8	random	white	0	154	0.10321199999999998	0
8	random_trans	black	0	154	0.10650599999999998	0
9	random	white	0	224	0.26248999999999995	0
9	random_trans	black	0	224	0.270354	0
10	random	white	0	137	0.07960099999999999	0
10	random_trans	black	0	137	0.08459099999999993	0
11	random	white	0	183	0.13960000000000009	0
11	random_trans	black	0	183	0.14159300000000008	0
12	random	white	0	324	0.4667240000000001	0
12	random_trans	black	0	324	0.48376400000000014	0
13	random	white	0	180	0.20531799999999997	0
13	random_trans	black	0	180	0.20817999999999987	0
14	random	white	0	215	0.21221799999999996	0
14	random_trans	black	0	215	0.22077600000000003	0
15	random	white	0	156	0.11790200000000005	0
15	random_trans	black	0	156	0.11666899999999994	0
16	random	white	0	75	0.029900000000000006	-1
16	random_trans	black	0	75	0.033141	1
17	random	white	0	353	0.5375939999999997	0
17	random_trans	black	0	353	0.5527629999999998	0
18	random	white	0	253	0.264838	0
18	random_trans	black	0	253	0.26919399999999993	0
19	random	white	0	244	0.2869710000000001	0
19	random_trans	black	0	244	0.29197999999999985	0
20	random	white	0	188	0.15637500000000001	1
20	random_trans	black	0	188	0.15882699999999997	-1
21	random	white	0	220	0.20266299999999998	0
21	random_trans	black	0	220	0.20816300000000004	0
22	random	white	0	216	0.25120699999999996	0
22	random_trans	black	0	216	0.2592639999999999	0
23	random	white	0	222	0.2060429999999999	0
23	random_trans	black	0	222	0.20892299999999997	0
24	random	white	0	220	0.26212399999999997	0
24	random_trans	black	0	220	0.26765599999999995	0
25	random	white	0	222	0.2139960000000001	0
25	random_trans	black	0	222	0.21969699999999995	0
26	random	white	0	165	0.11586400000000002	0
26	random_trans	black	0	165	0.12056799999999995	0
27	random	white	0	230	0.28370500000000004	0
27	random_trans	black	0	230	0.28875299999999987	0
28	random	white	0	164	0.11380799999999998	0
28	random_trans	black	0	164	0.120747	0
29	random	white	0	251	0.24558099999999994	0
29	random_trans	black	0	251	0.252512	0
30	random	white	0	150	0.09622300000000002	0
30	random_trans	black	0	150	0.10132900000000004	0
31	random	white	0	211	0.18857800000000013	0
31	random_trans	black	0	211	0.19071700000000003	0
32	random	white	0	303	0.4463180000000001	0
32	random_trans	black	0	303	0.45412300000000017	0
33	random	white	0	176	0.12904699999999997	0
33	random_trans	black	0	176	0.13813899999999996	0
34	random	white	0	146	0.09500800000000001	0
34	random_trans	black	0	146	0.09926900000000001	0
35	random	white	0	178	0.13175599999999993	0
35	random_trans	black	0	178	0.13753699999999996	0
36	random	white	0	46	0.013969999999999996	-1
36	random_trans	black	0	46	0.016724	1
37	random	white	0	145	0.11041000000000001	0
37	random_trans	black	0	145	0.11236600000000004	0
38	random	white	0	193	0.14922100000000005	0
38	random_trans	black	0	193	0.15699400000000002	0
39	random	white	0	163	0.11842299999999996	0
39	random_trans	black	0	163	0.12291599999999997	0
40	random	white	0	146	0.09675299999999999	0
40	random_trans	black	0	146	0.10031699999999998	0
41	random	white	0	269	0.2940090000000001	0
41	random_trans	black	0	269	0.29749	0
42	random	white	0	136	0.07767099999999998	0
42	random_trans	black	0	136	0.08369700000000002	0
43	random	white	0	317	0.48668699999999987	0
43	random_trans	black	0	317	0.4912560000000001	0
44	random	white	0	192	0.16675299999999987	0
44	random_trans	black	0	192	0.17120600000000005	0
45	random	white	0	214	0.21991100000000005	0
45	random_trans	black	0	214	0.2312350000000001	0
46	random	white	0	167	0.117616	0
46	random_trans	black	0	167	0.12415499999999999	0
47	random	white	0	208	0.19320400000000001	0
47	random_trans	black	0	208	0.19843600000000003	0
48	random	white	0	47	0.015336999999999996	1
48	random_trans	black	0	47	0.016633	-1
49	random	white	0	63	0.02322500000000001	-1
49	random_trans	black	0	63	0.026572	1
50	random	white	0	192	0.15460500000000005	0
50	random_trans	black	0	192	0.16147900000000004	0
51	random	white	0	207	0.19877999999999998	0
51	random_trans	black	0	207	0.20595099999999997	0
52	random	white	0	218	0.20741400000000002	0
52	random_trans	black	0	218	0.21352600000000005	0
53	random	white	0	201	0.17952699999999994	0
53	random_trans	black	0	201	0.19138699999999997	0
54	random	white	0	185	0.15318900000000002	0
54	random_trans	black	0	185	0.15870200000000007	0
55	random	white	0	206	0.23675100000000002	0
55	random_trans	black	0	206	0.2442809999999999	0
56	random	white	0	286	0.334664	1
56	random_trans	black	0	286	0.3399749999999997	-1
57	random	white	0	158	0.103311	-1
57	random_trans	black	0	158	0.11044500000000002	1
58	random	white	0	220	0.20358999999999997	0
58	random_trans	black	0	220	0.21350999999999992	0
59	random	white	0	188	0.15039399999999994	0
59	random_trans	black	0	188	0.15457000000000004	0
60	random	white	0	239	0.31274099999999994	0
60	random_trans	black	0	239	0.31740399999999996	0
61	random	white	0	251	0.2761640000000001	0
61	random_trans	black	0	251	0.27481900000000004	0
62	random	white	0	170	0.12130700000000005	0
62	random_trans	black	0	170	0.12782200000000005	0
63	random	white	0	214	0.191343	0
63	random_trans	black	0	214	0.2009569999999998	0
64	random	white	0	243	0.2660279999999999	0
64	random_trans	black	0	243	0.2717630000000001	0
65	random	white	0	165	0.13158599999999998	0
65	random_trans	black	0	165	0.13511800000000002	0
66	random	white	0	163	0.11467399999999996	0
66	random_trans	black	0	163	0.114729	0
67	random	white	0	69	0.028278	1
67	random_trans	black	0	69	0.029804999999999998	-1
68	random	white	0	14	0.002727	1
68	random_trans	black	0	14	0.0031910000000000003	-1
69	random	white	0	249	0.294724	0
69	random_trans	black	0	249	0.2978240000000001	0
70	random	white	0	233	0.232226	0
70	random_trans	black	0	233	0.23699299999999995	0
71	random	white	0	137	0.08448300000000002	0
71	random_trans	black	0	137	0.09262699999999999	0
72	random	white	0	227	0.22250399999999998	0
72	random_trans	black	0	227	0.22475699999999998	0
73	random	white	0	179	0.18505	0
73	random_trans	black	0	179	0.1918229999999999	0
74	random	white	0	220	0.256783	0
74	random_trans	black	0	220	0.261438	0
75	random	white	0	157	0.10909999999999999	-1
75	random_trans	black	0	157	0.11747900000000001	1
76	random	white	0	325	0.42901100000000003	0
76	random_trans	black	0	325	0.44330199999999986	0
77	random	white	0	93	0.04478299999999997	-1
77	random_trans	black	0	93	0.04900699999999998	1
78	random	white	0	113	0.06140300000000001	0
78	random_trans	black	0	113	0.063563	0
79	random	white	0	216	0.187586	0
79	random_trans	black	0	216	0.19368000000000002	0
80	random	white	0	53	0.019477000000000005	1
80	random_trans	black	0	53	0.020118999999999998	-1
81	random	white	0	186	0.146143	0
81	random_trans	black	0	186	0.15082299999999987	0
82	random	white	0	115	0.061787	1
82	random_trans	black	0	115	0.06494399999999999	-1
83	random	white	0	159	0.10320499999999999	-1
83	random_trans	black	0	159	0.11220799999999997	1
84	random	white	0	199	0.160041	0
84	random_trans	black	0	199	0.164288	0
85	random	white	0	255	0.3287510000000001	0
85	random_trans	black	0	255	0.330437	0
86	random	white	0	153	0.10297200000000001	0
86	random_trans	black	0	153	0.10833399999999997	0
87	random	white	0	196	0.16738799999999998	0
87	random_trans	black	0	196	0.17386200000000002	0
88	random	white	0	222	0.19304599999999994	0
88	random_trans	black	0	222	0.20094999999999985	0
89	random	white	0	240	0.297161	0
89	random_trans	black	0	240	0.30482099999999995	0
90	random	white	0	273	0.38012199999999996	0
90	random_trans	black	0	273	0.3927809999999998	0
91	random	white	0	29	0.007789	1
91	random_trans	black	0	29	0.008479	-1
92	random	white	0	236	0.2828770000000001	0
92	random_trans	black	0	236	0.2886180000000001	0
93	random	white	0	145	0.090961	0
93	random_trans	black	0	145	0.09488600000000001	0
94	random	white	0	256	0.31770900000000013	0
94	random_trans	black	0	256	0.32336899999999985	0
95	random	white	0	147	0.10679900000000002	0
95	random_trans	black	0	147	0.11058400000000002	0
96	random	white	0	124	0.06655599999999999	0
96	random_trans	black	0	124	0.07393499999999999	0
97	random	white	0	199	0.225356	0
97	random_trans	black	0	199	0.23250499999999996	0
98	random	white	0	299	0.3798699999999999	0
98	random_trans	black	0	299	0.38799700000000026	0
99	random	white	0	174	0.13914000000000007	0
99	random_trans	black	0	174	0.14307699999999998	0
100	random	white	0	291	0.39133300000000004	0
100	random_trans	black	0	291	0.4036789999999998	0
101	random	white	0	267	0.33756800000000015	0
101	random_trans	black	0	267	0.3425290000000001	0
102	random	white	0	193	0.15019199999999996	0
102	random_trans	black	0	193	0.15557300000000004	0
103	random	white	0	206	0.194773	0
103	random_trans	black	0	206	0.196566	0
104	random	white	0	147	0.096151	1
104	random_trans	black	0	147	0.09673599999999993	-1
105	random	white	0	55	0.019645999999999997	1
105	random_trans	black	0	55	0.021758	-1
106	random	white	0	149	0.09637899999999998	0
106	random_trans	black	0	149	0.10147500000000001	0
107	random	white	0	161	0.11005700000000004	0
107	random_trans	black	0	161	0.11602000000000003	0
108	random	white	0	234	0.2529750000000001	0
108	random_trans	black	0	234	0.2664009999999999	0
109	random	white	0	147	0.09420300000000001	0
109	random_trans	black	0	147	0.09725899999999998	0
110	random	white	0	179	0.16071400000000008	0
110	random_trans	black	0	179	0.16497199999999998	0
111	random	white	0	210	0.19979600000000003	0
111	random_trans	black	0	210	0.20891600000000005	0
112	random	white	0	205	0.17916199999999993	0
112	random_trans	black	0	205	0.18537899999999996	0
113	random	white	0	183	0.15487700000000001	0
113	random_trans	black	0	183	0.15935400000000002	0
114	random	white	0	160	0.11054100000000001	0
114	random_trans	black	0	160	0.11263100000000004	0
115	random	white	0	184	0.21203599999999995	0
115	random_trans	black	0	184	0.21150999999999998	0
116	random	white	0	179	0.141045	0
116	random_trans	black	0	179	0.14703	0
117	random	white	0	160	0.118657	0
117	random_trans	black	0	160	0.12348799999999996	0
118	random	white	0	230	0.24018600000000004	0
118	random_trans	black	0	230	0.24249500000000002	0
119	random	white	0	172	0.12322300000000004	0
119	random_trans	black	0	172	0.12983800000000004	0
120	random	white	0	251	0.24498699999999993	0
120	random_trans	black	0	251	0.2526839999999999	0
121	random	white	0	218	0.19739399999999993	0
121	random_trans	black	0	218	0.2048980000000001	0
122	random	white	0	83	0.035531999999999994	0
122	random_trans	black	0	83	0.037993000000000006	0
123	random	white	0	163	0.11606299999999999	0
123	random_trans	black	0	163	0.12491099999999995	0
124	random	white	0	184	0.16533599999999998	0
124	random_trans	black	0	184	0.165542	0
125	random	white	0	134	0.073975	0
125	random_trans	black	0	134	0.081422	0
126	random	white	0	131	0.07045699999999999	0
126	random_trans	black	0	131	0.07559399999999998	0
127	random	white	0	191	0.15451400000000004	0
127	random_trans	black	0	191	0.15763600000000003	0
128	random	white	0	195	0.18625799999999984	0
128	random_trans	black	0	195	0.18519199999999988	0
129	random	white	0	72	0.028162000000000003	-1
129	random_trans	black	0	72	0.031865	1
130	random	white	0	44	0.013349999999999999	1
130	random_trans	black	0	44	0.015060999999999996	-1
131	random	white	0	267	0.30383199999999994	0
131	random_trans	black	0	267	0.3095940000000002	0
132	random	white	0	195	0.14750300000000005	0
132	random_trans	black	0	195	0.159027	0
133	random	white	0	223	0.21889399999999992	0
133	random_trans	black	0	223	0.22419300000000003	0
134	random	white	0	249	0.2779980000000001	0
134	random_trans	black	0	249	0.2834599999999999	0
135	random	white	0	226	0.22168399999999983	0
135	random_trans	black	0	226	0.22547799999999996	0
136	random	white	0	157	0.10380900000000005	0
136	random_trans	black	0	157	0.11070000000000002	0
137	random	white	0	191	0.142153	-1
137	random_trans	black	0	191	0.14927099999999988	1
138	random	white	0	262	0.28681700000000004	0
138	random_trans	black	0	262	0.29482299999999995	0
139	random	white	0	156	0.09870800000000002	0
139	random_trans	black	0	156	0.10275099999999993	0
140	random	white	0	37	0.010692	-1
140	random_trans	black	0	37	0.012622	1
141	random	white	0	178	0.136767	0
141	random_trans	black	0	178	0.13917	0
142	random	white	0	179	0.130197	0
142	random_trans	black	0	179	0.13407499999999997	0
143	random	white	0	162	0.107869	0
143	random_trans	black	0	162	0.11374199999999998	0
144	random	white	0	56	0.019833999999999997	1
144	random_trans	black	0	56	0.021123	-1
145	random	white	0	160	0.13998	0
145	random_trans	black	0	160	0.143231	0
146	random	white	0	213	0.1872849999999999	0
146	random_trans	black	0	213	0.19068000000000004	0
147	random	white	0	202	0.22349799999999997	0
147	random_trans	black	0	202	0.22954200000000005	0
148	random	white	0	217	0.1955950000000001	0
148	random_trans	black	0	217	0.2019649999999999	0
149	random	white	0	225	0.20861600000000002	0
149	random_trans	black	0	225	0.20846299999999998	0
150	random	white	0	191	0.14312199999999997	0
150	random_trans	black	0	191	0.15294800000000006	0
151	random	white	0	205	0.18015399999999995	1
151	random_trans	black	0	205	0.18158199999999994	-1
152	random	white	0	164	0.13121700000000003	0
152	random_trans	black	0	164	0.13485999999999992	0
153	random	white	0	155	0.10873600000000005	0
153	random_trans	black	0	155	0.12003799999999996	0
154	random	white	0	185	0.15081300000000006	0
154	random_trans	black	0	185	0.14942700000000003	0
155	random	white	0	223	0.20629799999999998	0
155	random_trans	black	0	223	0.2146979999999999	0
156	random	white	0	261	0.3221240000000001	0
156	random_trans	black	0	261	0.3244500000000001	0
157	random	white	0	63	0.023059000000000007	-1
157	random_trans	black	0	63	0.02549100000000001	1
158	random	white	0	244	0.30566499999999974	0
158	random_trans	black	0	244	0.3047460000000001	0
159	random	white	0	301	0.49659500000000023	0
159	random_trans	black	0	301	0.49854999999999994	0
160	random	white	0	169	0.12793299999999996	0
160	random_trans	black	0	169	0.13037099999999996	0
161	random	white	0	312	0.4447390000000001	0
161	random_trans	black	0	312	0.4487040000000001	0
162	random	white	0	220	0.249042	0
162	random_trans	black	0	220	0.255552	0
163	random	white	0	5	0.000949	1
163	random_trans	black	0	5	0.0010110000000000002	-1
164	random	white	0	210	0.22096599999999997	0
164	random_trans	black	0	210	0.224593	0
165	random	white	0	189	0.14529100000000003	0
165	random_trans	black	0	189	0.15689800000000004	0
166	random	white	0	116	0.05940600000000002	0
166	random_trans	black	0	116	0.06629499999999999	0
167	random	white	0	176	0.13153299999999998	0
167	random_trans	black	0	176	0.13323300000000005	0
168	random	white	0	253	0.3137549999999999	0
168	random_trans	black	0	253	0.3185809999999999	0
169	random	white	0	157	0.10180199999999993	0
169	random_trans	black	0	157	0.10876600000000002	0
170	random	white	0	119	0.06879799999999998	1
170	random_trans	black	0	119	0.07270800000000002	-1
171	random	white	0	142	0.10023300000000006	1
171	random_trans	black	0	142	0.10214399999999998	-1
172	random	white	0	231	0.23344199999999998	0
172	random_trans	black	0	231	0.2427490000000001	0
173	random	white	0	135	0.07970100000000002	0
173	random_trans	black	0	135	0.08650699999999999	0
174	random	white	0	196	0.18379700000000007	0
174	random_trans	black	0	196	0.18698599999999999	0
175	random	white	0	145	0.088845	0
175	random_trans	black	0	145	0.09350399999999999	0
176	random	white	0	286	0.38804700000000003	0
176	random_trans	black	0	286	0.3915299999999998	0
177	random	white	0	153	0.09828700000000003	0
177	random_trans	black	0	153	0.10505499999999998	0
178	random	white	0	275	0.3653910000000001	0
178	random_trans	black	0	275	0.3785039999999998	0
179	random	white	0	168	0.138732	0
179	random_trans	black	0	168	0.14335700000000004	0
180	random	white	0	120	0.065787	0
180	random_trans	black	0	120	0.06913599999999999	0
181	random	white	0	159	0.10990600000000002	0
181	random_trans	black	0	159	0.11619799999999997	0
182	random	white	0	315	0.4399230000000002	0
182	random_trans	black	0	315	0.444344	0
183	random	white	0	22	0.005494999999999999	1
183	random_trans	black	0	22	0.006011000000000001	-1
184	random	white	0	229	0.21762400000000015	0
184	random_trans	black	0	229	0.2273440000000002	0
185	random	white	0	187	0.15396099999999993	-1
185	random_trans	black	0	187	0.16182799999999994	1
186	random	white	0	169	0.13461099999999995	0
186	random_trans	black	0	169	0.14114200000000005	0
187	random	white	0	242	0.246152	0
187	random_trans	black	0	242	0.25548599999999994	0
188	random	white	0	192	0.15651300000000004	0
188	random_trans	black	0	192	0.16027600000000006	0
189	random	white	0	207	0.20169800000000007	0
189	random_trans	black	0	207	0.20120400000000002	0
190	random	white	0	206	0.21192700000000006	0
190	random_trans	black	0	206	0.2184729999999999	0
191	random	white	0	216	0.2748360000000001	0
191	random_trans	black	0	216	0.2769080000000001	0
192	random	white	0	176	0.14152000000000003	0
192	random_trans	black	0	176	0.145145	0
193	random	white	0	244	0.3165649999999999	0
193	random_trans	black	0	244	0.3288270000000001	0
194	random	white	0	289	0.35700899999999974	0
194	random_trans	black	0	289	0.36616099999999996	0
195	random	white	0	140	0.08296000000000005	0
195	random_trans	black	0	140	0.08796400000000004	0
196	random	white	0	243	0.29557399999999984	0
196	random_trans	black	0	243	0.29519800000000007	0
197	random	white	0	171	0.12295800000000004	0
197	random_trans	black	0	171	0.129163	0
198	random	white	0	114	0.06081600000000001	1
198	random_trans	black	0	114	0.063163	-1
199	random	white	0	186	0.14173399999999994	0
199	random_trans	black	0	186	0.14826799999999998	0
200	random	white	0	186	0.1473230000000001	0
200	random_trans	black	0	186	0.15247700000000003	0
201	random	white	0	209	0.19603100000000004	0
201	random_trans	black	0	209	0.19977000000000017	0
202	random	white	0	188	0.20957100000000004	0
202	random_trans	black	0	188	0.21075799999999997	0
203	random	white	0	178	0.149503	0
203	random_trans	black	0	178	0.15262800000000004	0
204	random	white	0	220	0.25481399999999993	0
204	random_trans	black	0	220	0.2681220000000001	0
205	random	white	0	291	0.401443	0
205	random_trans	black	0	291	0.40498000000000006	0
206	random	white	0	93	0.043704000000000014	1
206	random_trans	black	0	93	0.047040999999999986	-1
207	random	white	0	141	0.087858	0
207	random_trans	black	0	141	0.09299200000000002	0
208	random	white	0	140	0.09178700000000001	0
208	random_trans	black	0	140	0.09089100000000001	0
209	random	white	0	236	0.2180890000000001	0
209	random_trans	black	0	236	0.22600699999999999	0
210	random	white	0	174	0.12892300000000004	0
210	random_trans	black	0	174	0.12981099999999995	0
211	random	white	0	97	0.04544599999999999	1
211	random_trans	black	0	97	0.05107700000000001	-1
212	random	white	0	219	0.22910299999999992	0
212	random_trans	black	0	219	0.23699899999999993	0
213	random	white	0	122	0.06714800000000001	0
213	random_trans	black	0	122	0.068283	0
214	random	white	0	203	0.20709799999999995	0
214	random_trans	black	0	203	0.21366899999999991	0
215	random	white	0	213	0.2606340000000001	0
215	random_trans	black	0	213	0.2679520000000001	0
216	random	white	0	202	0.168629	0
216	random_trans	black	0	202	0.18045599999999998	0
217	random	white	0	30	0.00817	1
217	random_trans	black	0	30	0.009087999999999999	-1
218	random	white	0	230	0.21505599999999997	0
218	random_trans	black	0	230	0.22374699999999995	0
219	random	white	0	75	0.031259	1
219	random_trans	black	0	75	0.033625999999999996	-1
220	random	white	0	259	0.2773039999999999	0
220	random_trans	black	0	259	0.29218399999999994	0
221	random	white	0	246	0.2967740000000001	0
221	random_trans	black	0	246	0.309871	0
222	random	white	0	140	0.08531099999999994	0
222	random_trans	black	0	140	0.09022399999999997	0
223	random	white	0	95	0.04374900000000002	1
223	random_trans	black	0	95	0.04596100000000001	-1
224	random	white	0	118	0.062174999999999994	0
224	random_trans	black	0	118	0.065945	0
225	random	white	0	36	0.010535000000000003	-1
225	random_trans	black	0	36	0.012323000000000004	1
226	random	white	0	297	0.3407780000000002	0
226	random_trans	black	0	297	0.3539189999999999	0
227	random	white	0	298	0.3620680000000001	0
227	random_trans	black	0	298	0.36828600000000006	0
228	random	white	0	127	0.07445900000000001	0
228	random_trans	black	0	127	0.07881699999999996	0
229	random	white	0	62	0.023224999999999996	-1
229	random_trans	black	0	62	0.025962000000000006	1
230	random	white	0	197	0.18625600000000006	0
230	random_trans	black	0	197	0.19587000000000007	0
231	random	white	0	87	0.03857899999999999	-1
231	random_trans	black	0	87	0.041186	1
232	random	white	0	124	0.070504	0
232	random_trans	black	0	124	0.075857	0
233	random	white	0	198	0.16369100000000006	0
233	random_trans	black	0	198	0.16765700000000008	0
234	random	white	0	198	0.22698099999999996	0
234	random_trans	black	0	198	0.229437	0
235	random	white	0	134	0.08110200000000004	0
235	random_trans	black	0	134	0.08901999999999996	0
236	random	white	0	203	0.218256	0
236	random_trans	black	0	203	0.22750400000000007	0
237	random	white	0	176	0.13443000000000005	0
237	random_trans	black	0	176	0.141931	0
238	random	white	0	175	0.12705599999999992	0
238	random_trans	black	0	175	0.13120499999999996	0
239	random	white	0	252	0.27884699999999996	0
239	random_trans	black	0	252	0.2872659999999999	0
240	random	white	0	227	0.26878100000000005	0
240	random_trans	black	0	227	0.27388799999999996	0
241	random	white	0	43	0.013364	-1
241	random_trans	black	0	43	0.015865999999999998	1
242	random	white	0	179	0.13459400000000002	0
242	random_trans	black	0	179	0.142496	0
243	random	white	0	167	0.12465500000000003	0
243	random_trans	black	0	167	0.12652999999999998	0
244	random	white	0	22	0.005587000000000001	1
244	random_trans	black	0	22	0.006496	-1
245	random	white	0	140	0.08337400000000003	0
245	random_trans	black	0	140	0.08886100000000005	0
246	random	white	0	198	0.158081	0
246	random_trans	black	0	198	0.16487800000000002	0
247	random	white	0	205	0.17379999999999998	0
247	random_trans	black	0	205	0.17970299999999997	0
248	random	white	0	167	0.11553900000000002	0
248	random_trans	black	0	167	0.123874	0
249	random	white	0	176	0.128286	0
249	random_trans	black	0	176	0.133655	0
250	random	white	0	60	0.021352000000000003	-1
250	random_trans	black	0	60	0.024363999999999997	1
251	random	white	0	282	0.38408499999999984	0
251	random_trans	black	0	282	0.3934840000000003	0
252	random	white	0	141	0.08975599999999993	0
252	random_trans	black	0	141	0.09712500000000004	0
253	random	white	0	132	0.07475799999999998	0
253	random_trans	black	0	132	0.080321	0
254	random	white	0	72	0.030175000000000007	1
254	random_trans	black	0	72	0.033114000000000005	-1
255	random	white	0	168	0.11746	0
255	random_trans	black	0	168	0.12433300000000001	0
256	random	white	0	104	0.049318	1
256	random_trans	black	0	104	0.05219999999999999	-1
257	random	white	0	151	0.09166099999999998	0
257	random_trans	black	0	151	0.09602000000000004	0
258	random	white	0	146	0.089224	0
258	random_trans	black	0	146	0.09338200000000006	0
259	random	white	0	229	0.2636470000000001	0
259	random_trans	black	0	229	0.269861	0
260	random	white	0	265	0.352305	0
260	random_trans	black	0	265	0.34814200000000006	0
261	random	white	0	200	0.16810199999999997	0
261	random_trans	black	0	200	0.17581600000000006	0
262	random	white	0	240	0.24510099999999996	0
262	random_trans	black	0	240	0.24904299999999993	0
263	random	white	0	278	0.33326800000000006	0
263	random_trans	black	0	278	0.3417920000000001	0
264	random	white	0	120	0.06849299999999998	0
264	random_trans	black	0	120	0.07157999999999998	0
265	random	white	0	266	0.31080199999999997	0
265	random_trans	black	0	266	0.320546	0
266	random	white	0	161	0.117063	0
266	random_trans	black	0	161	0.12466	0
267	random	white	0	165	0.11245200000000001	0
267	random_trans	black	0	165	0.11945899999999995	0
268	random	white	0	178	0.137159	0
268	random_trans	black	0	178	0.14308500000000005	0
269	random	white	0	161	0.11993000000000001	0
269	random_trans	black	0	161	0.12298800000000003	0
270	random	white	0	112	0.06315900000000002	0
270	random_trans	black	0	112	0.062867	0
271	random	white	0	161	0.115972	0
271	random_trans	black	0	161	0.12237700000000001	0
272	random	white	0	153	0.09966199999999996	0
272	random_trans	black	0	153	0.10502099999999998	0
273	random	white	0	241	0.2957369999999999	0
273	random_trans	black	0	241	0.305062	0
274	random	white	0	194	0.2079600000000001	0
274	random_trans	black	0	194	0.21223000000000006	0
275	random	white	0	189	0.18436999999999995	0
275	random_trans	black	0	189	0.18701399999999993	0
276	random	white	0	99	0.046548	-1
276	random_trans	black	0	99	0.05055099999999999	1
277	random	white	0	365	0.568881	0
277	random_trans	black	0	365	0.5826500000000002	0
278	random	white	0	213	0.19762800000000005	0
278	random_trans	black	0	213	0.20779900000000004	0
279	random	white	0	69	0.028814999999999997	1
279	random_trans	black	0	69	0.02952699999999999	-1
280	random	white	0	195	0.17043700000000006	0
280	random_trans	black	0	195	0.17506100000000005	0
281	random	white	0	141	0.08693999999999999	0
281	random_trans	black	0	141	0.09203800000000001	0
282	random	white	0	198	0.217762	0
282	random_trans	black	0	198	0.22275399999999995	0
283	random	white	0	147	0.10495599999999998	0
283	random_trans	black	0	147	0.11009099999999997	0
284	random	white	0	144	0.09334599999999997	0
284	random_trans	black	0	144	0.09662899999999999	0
285	random	white	0	238	0.30767199999999995	0
285	random_trans	black	0	238	0.31177800000000006	0
286	random	white	0	196	0.1597140000000001	0
286	random_trans	black	0	196	0.1681309999999999	0
287	random	white	0	91	0.043216	1
287	random_trans	black	0	91	0.04574300000000002	-1
288	random	white	0	183	0.15386599999999995	0
288	random_trans	black	0	183	0.15928400000000006	0
289	random	white	0	243	0.32219	0
289	random_trans	black	0	243	0.32728500000000005	0
290	random	white	0	112	0.056752999999999984	0
290	random_trans	black	0	112	0.058887999999999996	0
291	random	white	0	200	0.225855	0
291	random_trans	black	0	200	0.23172599999999996	0
292	random	white	0	142	0.08410899999999999	0
292	random_trans	black	0	142	0.09262599999999999	0
293	random	white	0	192	0.178831	0
293	random_trans	black	0	192	0.18287899999999996	0
294	random	white	0	159	0.10588999999999993	0
294	random_trans	black	0	159	0.10997200000000006	0
295	random	white	0	268	0.37228700000000015	0
295	random_trans	black	0	268	0.375287	0
296	random	white	0	97	0.04688400000000001	-1
296	random_trans	black	0	97	0.05264799999999998	1
297	random	white	0	217	0.25864899999999996	0
297	random_trans	black	0	217	0.267675	0
298	random	white	0	193	0.15017399999999997	0
298	random_trans	black	0	193	0.1547260000000001	0
299	random	white	0	244	0.26277900000000004	0
299	random_trans	black	0	244	0.26489799999999986	0
