game_number	agent_type	agent_color	agent_depth	agent_num_moves	agent_decision_time	game_result
0	random	white	0	209	0.18781900000000012	0
0	random_trans	black	0	209	0.193753	0
1	random	white	0	222	0.29250400000000004	0
1	random_trans	black	0	222	0.301019	0
2	random	white	0	172	0.13026700000000005	0
2	random_trans	black	0	172	0.136724	0
3	random	white	0	143	0.08922999999999996	0
3	random_trans	black	0	143	0.09224499999999998	0
4	random	white	0	163	0.12075299999999993	0
4	random_trans	black	0	163	0.12518000000000004	0
5	random	white	0	305	0.43883799999999995	0
5	random_trans	black	0	305	0.44513899999999995	0
6	random	white	0	176	0.134495	0
6	random_trans	black	0	176	0.140849	0
7	random	white	0	200	0.15830100000000003	0
7	random_trans	black	0	200	0.16656600000000005	0
8	random	white	0	185	0.13439299999999998	0
8	random_trans	black	0	185	0.14232299999999998	0
9	random	white	0	123	0.069729	0
9	random_trans	black	0	123	0.072641	0
10	random	white	0	53	0.017645000000000004	1
10	random_trans	black	0	53	0.019981000000000002	-1
11	random	white	0	190	0.16359800000000002	0
11	random_trans	black	0	190	0.1715059999999999	0
12	random	white	0	225	0.260453	0
12	random_trans	black	0	225	0.268602	0
13	random	white	0	212	0.20002199999999998	0
13	random_trans	black	0	212	0.20790300000000006	0
14	random	white	0	230	0.22308200000000003	0
14	random_trans	black	0	230	0.2311760000000001	0
15	random	white	0	189	0.171068	0
15	random_trans	black	0	189	0.1784110000000001	0
16	random	white	0	131	0.08330899999999998	0
16	random_trans	black	0	131	0.08589799999999995	0
17	random	white	0	79	0.03386700000000001	1
17	random_trans	black	0	79	0.035455	-1
18	random	white	0	163	0.1254510000000001	0
18	random_trans	black	0	163	0.13044099999999995	0
19	random	white	0	142	0.095045	0
19	random_trans	black	0	142	0.098689	0
20	random	white	0	170	0.13348000000000002	0
20	random_trans	black	0	170	0.13923999999999997	0
21	random	white	0	247	0.291866	0
21	random_trans	black	0	247	0.2984389999999999	0
22	random	white	0	169	0.12562600000000002	0
22	random_trans	black	0	169	0.12615599999999996	0
23	random	white	0	173	0.14032300000000003	0
23	random_trans	black	0	173	0.150575	0
24	random	white	0	269	0.35694900000000007	0
24	random_trans	black	0	269	0.3659350000000001	0
25	random	white	0	185	0.14672799999999991	0
25	random_trans	black	0	185	0.14693499999999995	0
26	random	white	0	285	0.42274899999999993	0
26	random_trans	black	0	285	0.42788499999999985	0
27	random	white	0	252	0.259338	0
27	random_trans	black	0	252	0.26715799999999984	0
28	random	white	0	156	0.11058899999999995	0
28	random_trans	black	0	156	0.12096499999999998	0
29	random	white	0	146	0.09154599999999996	0
29	random_trans	black	0	146	0.09575400000000002	0
30	random	white	0	76	0.030533999999999995	-1
30	random_trans	black	0	76	0.035330999999999994	1
31	random	white	0	326	0.4600149999999999	0
31	random_trans	black	0	326	0.4738449999999998	0
32	random	white	0	295	0.3552070000000002	0
32	random_trans	black	0	295	0.36376699999999973	0
33	random	white	0	194	0.164318	0
33	random_trans	black	0	194	0.17052900000000007	0
34	random	white	0	113	0.05998400000000002	-1
34	random_trans	black	0	113	0.06345300000000002	1
35	random	white	0	212	0.18779199999999993	0
35	random_trans	black	0	212	0.19465700000000005	0
36	random	white	0	217	0.24937199999999993	0
36	random_trans	black	0	217	0.257181	0
37	random	white	0	215	0.20393500000000003	0
37	random_trans	black	0	215	0.20968699999999987	0
38	random	white	0	232	0.24084699999999998	0
38	random_trans	black	0	232	0.2427459999999999	0
39	random	white	0	191	0.14793900000000007	0
39	random_trans	black	0	191	0.15675699999999995	0
40	random	white	0	70	0.031902999999999994	-1
40	random_trans	black	0	70	0.03685299999999998	1
41	random	white	0	279	0.37028000000000005	0
41	random_trans	black	0	279	0.37830099999999994	0
42	random	white	0	136	0.080727	1
42	random_trans	black	0	136	0.08618200000000001	-1
43	random	white	0	233	0.28812400000000005	0
43	random_trans	black	0	233	0.2881110000000001	0
44	random	white	0	190	0.15996599999999994	0
44	random_trans	black	0	190	0.16187599999999996	0
45	random	white	0	220	0.2563170000000001	0
45	random_trans	black	0	220	0.2650059999999999	0
46	random	white	0	188	0.148065	0
46	random_trans	black	0	188	0.1561570000000001	0
47	random	white	0	326	0.4763289999999997	0
47	random_trans	black	0	326	0.4792010000000001	0
48	random	white	0	234	0.284614	0
48	random_trans	black	0	234	0.29046900000000003	0
49	random	white	0	198	0.16204400000000005	0
49	random_trans	black	0	198	0.16436300000000004	0
50	random	white	0	243	0.28895899999999997	0
50	random_trans	black	0	243	0.29308900000000004	0
51	random	white	0	248	0.2980969999999999	0
51	random_trans	black	0	248	0.298685	0
52	random	white	0	142	0.08486900000000003	0
52	random_trans	black	0	142	0.09000800000000003	0
53	random	white	0	226	0.22501999999999986	0
53	random_trans	black	0	226	0.23049599999999998	0
54	random	white	0	249	0.27931799999999996	0
54	random_trans	black	0	249	0.288255	0
55	random	white	0	163	0.14128400000000002	0
55	random_trans	black	0	163	0.14617800000000003	0
56	random	white	0	59	0.021058999999999998	1
56	random_trans	black	0	59	0.02233400000000001	-1
57	random	white	0	185	0.17027399999999998	0
57	random_trans	black	0	185	0.17321700000000004	0
58	random	white	0	179	0.20032999999999998	0
58	random_trans	black	0	179	0.208557	0
59	random	white	0	223	0.21961000000000006	0
59	random_trans	black	0	223	0.22570500000000004	0
60	random	white	0	208	0.21590599999999996	0
60	random_trans	black	0	208	0.22699699999999998	0
61	random	white	0	149	0.09700500000000002	0
61	random_trans	black	0	149	0.10198399999999999	0
62	random	white	0	108	0.05404299999999998	1
62	random_trans	black	0	108	0.05746700000000001	-1
63	random	white	0	154	0.10174499999999993	0
63	random_trans	black	0	154	0.10774500000000004	0
64	random	white	0	218	0.23582000000000014	0
64	random_trans	black	0	218	0.243821	0
65	random	white	0	164	0.12608099999999997	0
65	random_trans	black	0	164	0.1333040000000001	0
66	random	white	0	182	0.14818399999999998	0
66	random_trans	black	0	182	0.15147699999999997	0
67	random	white	0	165	0.111045	0
67	random_trans	black	0	165	0.116703	0
68	random	white	0	228	0.27432899999999993	0
68	random_trans	black	0	228	0.27728200000000003	0
69	random	white	0	281	0.38739599999999985	0
69	random_trans	black	0	281	0.38975899999999997	0
70	random	white	0	134	0.07459999999999999	0
70	random_trans	black	0	134	0.08305599999999998	0
71	random	white	0	136	0.08066600000000003	0
71	random_trans	black	0	136	0.08572099999999999	0
72	random	white	0	230	0.2149790000000001	0
72	random_trans	black	0	230	0.22068999999999983	0
73	random	white	0	47	0.015152000000000002	1
73	random_trans	black	0	47	0.016397000000000005	-1
74	random	white	0	319	0.46092799999999995	0
74	random_trans	black	0	319	0.47020700000000015	0
75	random	white	0	269	0.34676799999999974	0
75	random_trans	black	0	269	0.3605220000000001	0
76	random	white	0	146	0.09054999999999999	0
76	random_trans	black	0	146	0.09411299999999999	0
77	random	white	0	105	0.05275799999999999	0
77	random_trans	black	0	105	0.057450999999999995	0
78	random	white	0	247	0.2570399999999999	0
78	random_trans	black	0	247	0.262807	0
79	random	white	0	136	0.08113099999999998	0
79	random_trans	black	0	136	0.08554200000000002	0
80	random	white	0	260	0.323365	0
80	random_trans	black	0	260	0.33594200000000013	0
81	random	white	0	59	0.02080999999999999	-1
81	random_trans	black	0	59	0.02450399999999999	1
82	random	white	0	150	0.09648100000000007	0
82	random_trans	black	0	150	0.10022099999999996	0
83	random	white	0	173	0.13796400000000006	0
83	random_trans	black	0	173	0.14217400000000008	0
84	random	white	0	152	0.100013	0
84	random_trans	black	0	152	0.105688	0
85	random	white	0	190	0.15942900000000002	0
85	random_trans	black	0	190	0.17242900000000005	0
86	random	white	0	225	0.267691	0
86	random_trans	black	0	225	0.27541899999999997	0
87	random	white	0	134	0.07792	0
87	random_trans	black	0	134	0.08408299999999999	0
88	random	white	0	85	0.038086	1
88	random_trans	black	0	85	0.040390999999999996	-1
89	random	white	0	264	0.2933340000000001	0
89	random_trans	black	0	264	0.295988	0
90	random	white	0	213	0.22911499999999999	0
90	random_trans	black	0	213	0.23617100000000002	0
91	random	white	0	225	0.2557019999999999	0
91	random_trans	black	0	225	0.270578	0
92	random	white	0	182	0.13813299999999992	0
92	random_trans	black	0	182	0.14074199999999992	0
93	random	white	0	227	0.22882500000000006	0
93	random_trans	black	0	227	0.23329399999999997	0
94	random	white	0	248	0.2896659999999999	0
94	random_trans	black	0	248	0.302962	0
95	random	white	0	183	0.13944400000000007	0
95	random_trans	black	0	183	0.14171899999999996	0
96	random	white	0	235	0.23630100000000007	0
96	random_trans	black	0	235	0.24301299999999987	0
97	random	white	0	201	0.17562099999999992	1
97	random_trans	black	0	201	0.17866699999999996	-1
98	random	white	0	181	0.14154500000000003	0
98	random_trans	black	0	181	0.14770600000000003	0
99	random	white	0	241	0.2853040000000001	0
99	random_trans	black	0	241	0.292946	0
100	random	white	0	137	0.08228399999999998	0
100	random_trans	black	0	137	0.08725000000000001	0
101	random	white	0	194	0.1535949999999999	0
101	random_trans	black	0	194	0.1576910000000001	0
102	random	white	0	297	0.41507500000000014	0
102	random_trans	black	0	297	0.4287050000000002	0
103	random	white	0	134	0.07999999999999999	0
103	random_trans	black	0	134	0.08390600000000001	0
104	random	white	0	150	0.096292	0
104	random_trans	black	0	150	0.09797299999999995	0
105	random	white	0	169	0.11141799999999998	0
105	random_trans	black	0	169	0.11944099999999999	0
106	random	white	0	145	0.08813700000000001	0
106	random_trans	black	0	145	0.09447699999999999	0
107	random	white	0	151	0.09822399999999998	0
107	random_trans	black	0	151	0.10301500000000002	0
108	random	white	0	133	0.074178	0
108	random_trans	black	0	133	0.07784799999999999	0
109	random	white	0	141	0.08174200000000001	0
109	random_trans	black	0	141	0.08871799999999998	0
110	random	white	0	198	0.149325	0
110	random_trans	black	0	198	0.1567919999999999	0
111	random	white	0	130	0.08080799999999999	-1
111	random_trans	black	0	130	0.08665300000000001	1
112	random	white	0	150	0.095407	0
112	random_trans	black	0	150	0.10028599999999999	0
113	random	white	0	48	0.015829999999999997	-1
113	random_trans	black	0	48	0.017908999999999998	1
114	random	white	0	113	0.058522999999999985	0
114	random_trans	black	0	113	0.06167699999999999	0
115	random	white	0	255	0.2912649999999999	0
115	random_trans	black	0	255	0.30055200000000015	0
116	random	white	0	172	0.11879300000000001	0
116	random_trans	black	0	172	0.127208	0
117	random	white	0	111	0.05909300000000001	0
117	random_trans	black	0	111	0.059519999999999997	0
118	random	white	0	198	0.1670240000000001	0
118	random_trans	black	0	198	0.17414399999999994	0
119	random	white	0	179	0.13071599999999994	0
119	random_trans	black	0	179	0.13815400000000005	0
120	random	white	0	226	0.23532400000000003	0
120	random_trans	black	0	226	0.2365959999999999	0
121	random	white	0	163	0.11784100000000002	0
121	random_trans	black	0	163	0.121968	0
122	random	white	0	303	0.41259299999999993	0
122	random_trans	black	0	303	0.41956800000000005	0
123	random	white	0	202	0.17498899999999998	0
123	random_trans	black	0	202	0.17848000000000003	0
124	random	white	0	176	0.16119299999999995	0
124	random_trans	black	0	176	0.16158299999999998	0
125	random	white	0	201	0.17100600000000007	0
125	random_trans	black	0	201	0.1811689999999999	0
126	random	white	0	193	0.155893	0
126	random_trans	black	0	193	0.163314	0
127	random	white	0	139	0.08378099999999998	0
127	random_trans	black	0	139	0.087408	0
128	random	white	0	83	0.036504	1
128	random_trans	black	0	83	0.040438999999999996	-1
129	random	white	0	155	0.09792500000000003	0
129	random_trans	black	0	155	0.103769	0
130	random	white	0	109	0.05372900000000002	0
130	random_trans	black	0	109	0.05948099999999999	0
131	random	white	0	130	0.075282	0
131	random_trans	black	0	130	0.07889700000000002	0
132	random	white	0	161	0.11003099999999998	0
132	random_trans	black	0	161	0.11884599999999998	0
133	random	white	0	180	0.15869500000000003	0
133	random_trans	black	0	180	0.16631600000000002	0
134	random	white	0	299	0.431878	0
134	random_trans	black	0	299	0.4339210000000002	0
135	random	white	0	190	0.14874200000000004	0
135	random_trans	black	0	190	0.15656799999999998	0
136	random	white	0	172	0.12101299999999997	0
136	random_trans	black	0	172	0.126802	0
137	random	white	0	144	0.09439300000000002	0
137	random_trans	black	0	144	0.09513200000000002	0
138	random	white	0	148	0.088642	-1
138	random_trans	black	0	148	0.09607600000000005	1
139	random	white	0	237	0.22923500000000002	0
139	random_trans	black	0	237	0.22892200000000004	0
140	random	white	0	252	0.2971600000000003	0
140	random_trans	black	0	252	0.29846799999999996	0
141	random	white	0	214	0.21621500000000007	0
141	random_trans	black	0	214	0.21878899999999982	0
142	random	white	0	238	0.2950800000000001	0
142	random_trans	black	0	238	0.30390800000000007	0
143	random	white	0	82	0.036645	-1
143	random_trans	black	0	82	0.039779	1
144	random	white	0	212	0.18069400000000002	0
144	random_trans	black	0	212	0.19193899999999994	0
145	random	white	0	148	0.09226199999999997	0
145	random_trans	black	0	148	0.09601800000000002	0
146	random	white	0	234	0.22376300000000007	0
146	random_trans	black	0	234	0.22896000000000005	0
147	random	white	0	191	0.15349500000000005	0
147	random_trans	black	0	191	0.157404	0
148	random	white	0	120	0.06587099999999999	-1
148	random_trans	black	0	120	0.07199799999999998	1
149	random	white	0	176	0.138889	0
149	random_trans	black	0	176	0.14435800000000001	0
150	random	white	0	102	0.04968299999999999	-1
150	random_trans	black	0	102	0.054971000000000006	1
151	random	white	0	224	0.26489499999999994	0
151	random_trans	black	0	224	0.2650579999999999	0
152	random	white	0	185	0.18837800000000005	0
152	random_trans	black	0	185	0.18900199999999998	0
153	random	white	0	174	0.12394500000000011	0
153	random_trans	black	0	174	0.129002	0
154	random	white	0	267	0.36685700000000004	0
154	random_trans	black	0	267	0.3727909999999998	0
155	random	white	0	206	0.19512300000000007	0
155	random_trans	black	0	206	0.20271599999999995	0
156	random	white	0	181	0.13867499999999996	0
156	random_trans	black	0	181	0.14736099999999996	0
157	random	white	0	57	0.020374000000000003	-1
157	random_trans	black	0	57	0.022567	1
158	random	white	0	114	0.057418000000000004	0
158	random_trans	black	0	114	0.06579699999999997	0
159	random	white	0	336	0.49942099999999995	0
159	random_trans	black	0	336	0.5080639999999997	0
160	random	white	0	88	0.037651	0
160	random_trans	black	0	88	0.045245	0
161	random	white	0	193	0.214875	0
161	random_trans	black	0	193	0.22265399999999994	0
162	random	white	0	224	0.221775	0
162	random_trans	black	0	224	0.231709	0
163	random	white	0	291	0.38596200000000025	0
163	random_trans	black	0	291	0.3907549999999999	0
164	random	white	0	325	0.473681	0
164	random_trans	black	0	325	0.48300400000000004	0
165	random	white	0	191	0.177206	0
165	random_trans	black	0	191	0.180214	0
166	random	white	0	195	0.17397899999999997	0
166	random_trans	black	0	195	0.1796040000000001	0
167	random	white	0	226	0.21668499999999993	0
167	random_trans	black	0	226	0.22850400000000015	0
168	random	white	0	94	0.046287	1
168	random_trans	black	0	94	0.04750999999999999	-1
169	random	white	0	275	0.3446670000000001	0
169	random_trans	black	0	275	0.3550180000000001	0
170	random	white	0	248	0.25383200000000006	0
170	random_trans	black	0	248	0.265669	0
171	random	white	0	91	0.04434900000000002	1
171	random_trans	black	0	91	0.048048	-1
172	random	white	0	186	0.1499329999999999	0
172	random_trans	black	0	186	0.156342	0
173	random	white	0	151	0.09606900000000002	0
173	random_trans	black	0	151	0.10274900000000003	0
174	random	white	0	109	0.05345800000000002	0
174	random_trans	black	0	109	0.05814199999999999	0
175	random	white	0	242	0.3137140000000001	0
175	random_trans	black	0	242	0.3217539999999999	0
176	random	white	0	78	0.033306999999999996	1
176	random_trans	black	0	78	0.036345999999999996	-1
177	random	white	0	215	0.20743500000000004	0
177	random_trans	black	0	215	0.216849	0
178	random	white	0	139	0.089581	0
178	random_trans	black	0	139	0.09484299999999998	0
179	random	white	0	239	0.23194199999999993	0
179	random_trans	black	0	239	0.23701299999999986	0
180	random	white	0	189	0.15645499999999993	0
180	random_trans	black	0	189	0.16323099999999993	0
181	random	white	0	259	0.3145830000000001	0
181	random_trans	black	0	259	0.3213709999999999	0
182	random	white	0	180	0.13824	0
182	random_trans	black	0	180	0.14811199999999997	0
183	random	white	0	151	0.10851899999999998	0
183	random_trans	black	0	151	0.11147900000000004	0
184	random	white	0	257	0.32179399999999997	0
184	random_trans	black	0	257	0.32680099999999984	0
185	random	white	0	267	0.3479749999999999	0
185	random_trans	black	0	267	0.3531800000000002	0
186	random	white	0	60	0.021724999999999998	1
186	random_trans	black	0	60	0.023794000000000003	-1
187	random	white	0	192	0.151351	0
187	random_trans	black	0	192	0.15904100000000007	0
188	random	white	0	225	0.2175799999999999	0
188	random_trans	black	0	225	0.221282	0
189	random	white	0	156	0.11664500000000001	0
189	random_trans	black	0	156	0.12201099999999998	0
190	random	white	0	36	0.010957000000000001	-1
190	random_trans	black	0	36	0.012892999999999998	1
191	random	white	0	165	0.11457099999999998	0
191	random_trans	black	0	165	0.115948	0
192	random	white	0	121	0.06783600000000001	0
192	random_trans	black	0	121	0.07312400000000001	0
193	random	white	0	266	0.28953399999999996	0
193	random_trans	black	0	266	0.29782499999999995	0
194	random	white	0	53	0.018754999999999997	1
194	random_trans	black	0	53	0.020525000000000005	-1
195	random	white	0	243	0.30836099999999983	0
195	random_trans	black	0	243	0.3117629999999999	0
196	random	white	0	210	0.19532100000000002	0
196	random_trans	black	0	210	0.20576200000000003	0
197	random	white	0	147	0.09695999999999996	0
197	random_trans	black	0	147	0.09907099999999999	0
198	random	white	0	132	0.07922300000000004	0
198	random_trans	black	0	132	0.07869899999999998	0
199	random	white	0	205	0.166187	0
199	random_trans	black	0	205	0.17490299999999998	0
200	random	white	0	185	0.14668199999999998	0
200	random_trans	black	0	185	0.150533	0
201	random	white	0	25	0.006234000000000002	-1
201	random_trans	black	0	25	0.007409	1
202	random	white	0	207	0.17175999999999997	0
202	random_trans	black	0	207	0.1805909999999999	0
203	random	white	0	196	0.2010289999999999	0
203	random_trans	black	0	196	0.2010360000000001	0
204	random	white	0	121	0.070034	0
204	random_trans	black	0	121	0.07540899999999999	0
205	random	white	0	165	0.11387499999999999	0
205	random_trans	black	0	165	0.12082899999999996	0
206	random	white	0	200	0.22845800000000005	0
206	random_trans	black	0	200	0.23354799999999992	0
207	random	white	0	223	0.266887	0
207	random_trans	black	0	223	0.2693030000000001	0
208	random	white	0	225	0.21710999999999997	0
208	random_trans	black	0	225	0.2245899999999999	0
209	random	white	0	143	0.092096	0
209	random_trans	black	0	143	0.09759800000000002	0
210	random	white	0	52	0.018847	1
210	random_trans	black	0	52	0.020498999999999996	-1
211	random	white	0	237	0.22881800000000002	0
211	random_trans	black	0	237	0.23209	0
212	random	white	0	178	0.14591200000000004	0
212	random_trans	black	0	178	0.15275500000000003	0
213	random	white	0	115	0.059754999999999975	-1
213	random_trans	black	0	115	0.06261899999999998	1
214	random	white	0	115	0.060730999999999986	0
214	random_trans	black	0	115	0.06207899999999996	0
215	random	white	0	198	0.21962899999999996	0
215	random_trans	black	0	198	0.22483600000000004	0
216	random	white	0	76	0.031404	-1
216	random_trans	black	0	76	0.034809	1
217	random	white	0	148	0.09653	0
217	random_trans	black	0	148	0.09959299999999999	0
218	random	white	0	198	0.15220700000000004	0
218	random_trans	black	0	198	0.1574170000000001	0
219	random	white	0	323	0.47492800000000013	0
219	random_trans	black	0	323	0.48119100000000004	0
220	random	white	0	172	0.15316	0
220	random_trans	black	0	172	0.15920199999999998	0
221	random	white	0	217	0.25543799999999994	0
221	random_trans	black	0	217	0.256696	0
222	random	white	0	110	0.056364000000000004	1
222	random_trans	black	0	110	0.059819	-1
223	random	white	0	179	0.16630399999999995	0
223	random_trans	black	0	179	0.16922699999999996	0
224	random	white	0	242	0.28886399999999984	0
224	random_trans	black	0	242	0.295976	0
225	random	white	0	97	0.04483199999999998	1
225	random_trans	black	0	97	0.04814899999999999	-1
226	random	white	0	319	0.42363499999999993	0
226	random_trans	black	0	319	0.4308100000000002	0
227	random	white	0	166	0.11356100000000001	0
227	random_trans	black	0	166	0.120338	0
228	random	white	0	217	0.23707500000000006	0
228	random_trans	black	0	217	0.24172800000000014	0
229	random	white	0	223	0.205889	0
229	random_trans	black	0	223	0.2121250000000001	0
230	random	white	0	204	0.16912199999999994	0
230	random_trans	black	0	204	0.17628800000000006	0
231	random	white	0	178	0.16104500000000002	0
231	random_trans	black	0	178	0.16651700000000003	0
232	random	white	0	252	0.2528890000000001	0
232	random_trans	black	0	252	0.26481699999999997	0
233	random	white	0	198	0.22508600000000004	0
233	random_trans	black	0	198	0.23119699999999993	0
234	random	white	0	120	0.06349900000000001	0
234	random_trans	black	0	120	0.06801000000000001	0
235	random	white	0	285	0.3903190000000003	0
235	random_trans	black	0	285	0.40474800000000005	0
236	random	white	0	191	0.15407200000000001	0
236	random_trans	black	0	191	0.1643449999999999	0
237	random	white	0	151	0.09930000000000004	0
237	random_trans	black	0	151	0.10285199999999999	0
238	random	white	0	175	0.148736	0
238	random_trans	black	0	175	0.156832	0
239	random	white	0	191	0.19608300000000004	1
239	random_trans	black	0	191	0.19731399999999996	-1
240	random	white	0	133	0.07909399999999998	0
240	random_trans	black	0	133	0.08471399999999998	0
241	random	white	0	209	0.19781599999999994	0
241	random_trans	black	0	209	0.199904	0
242	random	white	0	253	0.27504599999999974	0
242	random_trans	black	0	253	0.2743429999999999	0
243	random	white	0	138	0.085511	0
243	random_trans	black	0	138	0.087288	0
244	random	white	0	189	0.21579599999999996	0
244	random_trans	black	0	189	0.21643699999999996	0
245	random	white	0	375	0.6159830000000004	0
245	random_trans	black	0	375	0.6303479999999999	0
246	random	white	0	302	0.42255000000000026	0
246	random_trans	black	0	302	0.4299450000000004	0
247	random	white	0	191	0.15825100000000003	0
247	random_trans	black	0	191	0.16974800000000007	0
248	random	white	0	220	0.264108	0
248	random_trans	black	0	220	0.268979	0
249	random	white	0	224	0.2835410000000001	0
249	random_trans	black	0	224	0.2880749999999999	0
250	random	white	0	205	0.19643399999999994	0
250	random_trans	black	0	205	0.20512799999999995	0
251	random	white	0	160	0.11078000000000002	0
251	random_trans	black	0	160	0.11428599999999997	0
252	random	white	0	125	0.06657900000000001	0
252	random_trans	black	0	125	0.07278900000000002	0
253	random	white	0	340	0.538362	0
253	random_trans	black	0	340	0.545106	0
254	random	white	0	167	0.12743000000000007	0
254	random_trans	black	0	167	0.132313	0
255	random	white	0	209	0.24314799999999998	0
255	random_trans	black	0	209	0.25090199999999996	0
256	random	white	0	207	0.17308300000000013	0
256	random_trans	black	0	207	0.1832269999999999	0
257	random	white	0	142	0.08763100000000004	0
257	random_trans	black	0	142	0.09433199999999993	0
258	random	white	0	156	0.09974200000000001	0
258	random_trans	black	0	156	0.10493799999999996	0
259	random	white	0	169	0.11706999999999998	0
259	random_trans	black	0	169	0.12225399999999992	0
260	random	white	0	288	0.4504940000000001	0
260	random_trans	black	0	288	0.4551739999999998	0
261	random	white	0	417	0.7083560000000001	0
261	random_trans	black	0	417	0.70891	0
262	random	white	0	73	0.029747	1
262	random_trans	black	0	73	0.03228999999999999	-1
263	random	white	0	26	0.0063820000000000005	1
263	random_trans	black	0	26	0.008039	-1
264	random	white	0	207	0.19096700000000005	0
264	random_trans	black	0	207	0.19389300000000012	0
265	random	white	0	122	0.070926	0
265	random_trans	black	0	122	0.07243000000000002	0
266	random	white	0	211	0.1778569999999999	0
266	random_trans	black	0	211	0.1813799999999999	0
267	random	white	0	281	0.35505800000000004	0
267	random_trans	black	0	281	0.366089	0
268	random	white	0	241	0.23567000000000002	0
268	random_trans	black	0	241	0.2469509999999999	0
269	random	white	0	60	0.021279	1
269	random_trans	black	0	60	0.023213000000000004	-1
270	random	white	0	122	0.06795899999999998	0
270	random_trans	black	0	122	0.06965699999999997	0
271	random	white	0	197	0.16777100000000003	0
271	random_trans	black	0	197	0.17000900000000008	0
272	random	white	0	198	0.15756099999999998	0
272	random_trans	black	0	198	0.16782100000000005	0
273	random	white	0	206	0.17440199999999997	0
273	random_trans	black	0	206	0.17747900000000005	0
274	random	white	0	230	0.20812199999999995	0
274	random_trans	black	0	230	0.21397100000000005	0
275	random	white	0	121	0.065556	0
275	random_trans	black	0	121	0.06663900000000002	0
276	random	white	0	95	0.045438999999999986	1
276	random_trans	black	0	95	0.04865499999999998	-1
277	random	white	0	123	0.06700800000000001	0
277	random_trans	black	0	123	0.06857899999999999	0
278	random	white	0	89	0.039979	-1
278	random_trans	black	0	89	0.042059	1
279	random	white	0	193	0.16031100000000004	0
279	random_trans	black	0	193	0.16735799999999992	0
280	random	white	0	59	0.021188	-1
280	random_trans	black	0	59	0.022527999999999996	1
281	random	white	0	143	0.089001	0
281	random_trans	black	0	143	0.09616600000000004	0
282	random	white	0	174	0.12896500000000002	0
282	random_trans	black	0	174	0.1342360000000001	0
283	random	white	0	172	0.17822899999999997	0
283	random_trans	black	0	172	0.17966499999999996	0
284	random	white	0	145	0.098218	0
284	random_trans	black	0	145	0.10100500000000001	0
285	random	white	0	108	0.051859000000000016	-1
285	random_trans	black	0	108	0.056394	1
286	random	white	0	74	0.02770100000000001	-1
286	random_trans	black	0	74	0.032984	1
287	random	white	0	208	0.16707100000000003	0
287	random_trans	black	0	208	0.18170100000000003	0
288	random	white	0	176	0.12427599999999997	0
288	random_trans	black	0	176	0.13209100000000001	0
289	random	white	0	266	0.33115799999999995	0
289	random_trans	black	0	266	0.33584899999999995	0
290	random	white	0	189	0.21737199999999998	0
290	random_trans	black	0	189	0.22496799999999997	0
291	random	white	0	192	0.15753400000000004	0
291	random_trans	black	0	192	0.16249099999999997	0
292	random	white	0	207	0.17799400000000007	0
292	random_trans	black	0	207	0.18509299999999992	0
293	random	white	0	138	0.080777	0
293	random_trans	black	0	138	0.084682	0
294	random	white	0	183	0.14154100000000006	0
294	random_trans	black	0	183	0.14338899999999996	0
295	random	white	0	122	0.066831	0
295	random_trans	black	0	122	0.07100300000000002	0
296	random	white	0	39	0.012014000000000002	1
296	random_trans	black	0	39	0.012812	-1
297	random	white	0	260	0.2693539999999998	0
297	random_trans	black	0	260	0.27847000000000005	0
298	random	white	0	208	0.18058899999999997	0
298	random_trans	black	0	208	0.18915899999999997	0
299	random	white	0	204	0.18344399999999997	0
299	random_trans	black	0	204	0.18557300000000013	0
