game_number	agent_type	agent_color	agent_depth	agent_num_moves	agent_decision_time	game_result
0	random	white	0	217	0.36590999999999985	0
0	random_trans	black	0	217	0.33065399999999984	0
1	random	white	0	154	0.12341700000000001	0
1	random_trans	black	0	154	0.126687	0
2	random	white	0	84	0.04167099999999999	1
2	random_trans	black	0	84	0.04533900000000001	-1
3	random	white	0	225	0.28232899999999994	0
3	random_trans	black	0	225	0.29401099999999997	0
4	random	white	0	175	0.12717099999999998	0
4	random_trans	black	0	175	0.13394600000000004	0
5	random	white	0	169	0.13745899999999997	0
5	random_trans	black	0	169	0.14023700000000006	0
6	random	white	0	237	0.29618099999999997	0
6	random_trans	black	0	237	0.3052729999999999	0
7	random	white	0	174	0.13458900000000004	0
7	random_trans	black	0	174	0.14458199999999993	0
8	random	white	0	143	0.103756	0
8	random_trans	black	0	143	0.109299	0
9	random	white	0	178	0.14094099999999996	0
9	random_trans	black	0	178	0.14451000000000006	0
10	random	white	0	150	0.10143299999999995	0
10	random_trans	black	0	150	0.10510100000000001	0
11	random	white	0	134	0.08298000000000001	0
11	random_trans	black	0	134	0.08856000000000001	0
12	random	white	0	54	0.01968	1
12	random_trans	black	0	54	0.021662000000000004	-1
13	random	white	0	71	0.028632000000000005	1
13	random_trans	black	0	71	0.031207000000000002	-1
14	random	white	0	204	0.22580599999999995	0
14	random_trans	black	0	204	0.23014599999999996	0
15	random	white	0	245	0.28067800000000015	0
15	random_trans	black	0	245	0.28762900000000013	0
16	random	white	0	163	0.11162500000000002	0
16	random_trans	black	0	163	0.12111700000000006	0
17	random	white	0	238	0.250469	0
17	random_trans	black	0	238	0.2578169999999999	0
18	random	white	0	208	0.23862700000000006	0
18	random_trans	black	0	208	0.2444029999999999	0
19	random	white	0	217	0.2022439999999998	0
19	random_trans	black	0	217	0.2081030000000001	0
20	random	white	0	244	0.2640910000000001	0
20	random_trans	black	0	244	0.264366	0
21	random	white	0	32	0.009128999999999998	1
21	random_trans	black	0	32	0.010500999999999998	-1
22	random	white	0	223	0.196147	0
22	random_trans	black	0	223	0.20648799999999998	0
23	random	white	0	265	0.3286130000000001	0
23	random_trans	black	0	265	0.33513099999999973	0
24	random	white	0	234	0.243336	0
24	random_trans	black	0	234	0.24607999999999994	0
25	random	white	0	202	0.17746699999999993	0
25	random_trans	black	0	202	0.17928799999999998	0
26	random	white	0	209	0.17404199999999992	0
26	random_trans	black	0	209	0.184373	0
27	random	white	0	137	0.083287	0
27	random_trans	black	0	137	0.08913799999999998	0
28	random	white	0	171	0.12698799999999993	0
28	random_trans	black	0	171	0.13451400000000005	0
29	random	white	0	250	0.30916400000000005	0
29	random_trans	black	0	250	0.3178419999999998	0
30	random	white	0	198	0.187832	0
30	random_trans	black	0	198	0.19116799999999987	0
31	random	white	0	125	0.06850099999999998	0
31	random_trans	black	0	125	0.07430099999999998	0
32	random	white	0	189	0.143266	0
32	random_trans	black	0	189	0.14604599999999995	0
33	random	white	0	136	0.08127200000000002	0
33	random_trans	black	0	136	0.087826	0
34	random	white	0	123	0.07050199999999997	0
34	random_trans	black	0	123	0.07323899999999997	0
35	random	white	0	272	0.302815	0
35	random_trans	black	0	272	0.3149220000000001	0
36	random	white	0	170	0.11156100000000001	0
36	random_trans	black	0	170	0.117864	0
37	random	white	0	150	0.09701599999999999	0
37	random_trans	black	0	150	0.098052	0
38	random	white	0	151	0.09671800000000004	0
38	random_trans	black	0	151	0.09992299999999998	0
39	random	white	0	179	0.13040400000000002	0
39	random_trans	black	0	179	0.138591	0
40	random	white	0	76	0.03110100000000001	-1
40	random_trans	black	0	76	0.035446	1
41	random	white	0	289	0.32249400000000006	0
41	random_trans	black	0	289	0.3291150000000001	0
42	random	white	0	178	0.13976100000000005	0
42	random_trans	black	0	178	0.14475999999999997	0
43	random	white	0	330	0.4459290000000001	0
43	random_trans	black	0	330	0.4548179999999997	0
44	random	white	0	186	0.20421700000000004	0
44	random_trans	black	0	186	0.21022800000000008	0
45	random	white	0	206	0.227316	0
45	random_trans	black	0	206	0.23547999999999997	0
46	random	white	0	128	0.075125	1
46	random_trans	black	0	128	0.07627700000000005	-1
47	random	white	0	114	0.07131799999999998	0
47	random_trans	black	0	114	0.073381	0
48	random	white	0	175	0.13025400000000004	0
48	random_trans	black	0	175	0.14009	0
49	random	white	0	180	0.12595099999999998	0
49	random_trans	black	0	180	0.13440899999999997	0
50	random	white	0	169	0.13036100000000003	0
50	random_trans	black	0	169	0.13439399999999999	0
51	random	white	0	206	0.17223200000000002	0
51	random_trans	black	0	206	0.17316000000000004	0
52	random	white	0	218	0.19376100000000004	0
52	random_trans	black	0	218	0.19640199999999997	0
53	random	white	0	212	0.18868300000000002	0
53	random_trans	black	0	212	0.19303000000000006	0
54	random	white	0	123	0.064148	0
54	random_trans	black	0	123	0.068225	0
55	random	white	0	183	0.134863	0
55	random_trans	black	0	183	0.13688999999999998	0
56	random	white	0	225	0.20153099999999996	0
56	random_trans	black	0	225	0.20144100000000004	0
57	random	white	0	216	0.19228600000000015	0
57	random_trans	black	0	216	0.19698400000000005	0
58	random	white	0	157	0.10299500000000002	0
58	random_trans	black	0	157	0.10737099999999997	0
59	random	white	0	123	0.06776599999999999	-1
59	random_trans	black	0	123	0.07445700000000001	1
60	random	white	0	227	0.210928	0
60	random_trans	black	0	227	0.22190400000000005	0
61	random	white	0	121	0.07040899999999997	0
61	random_trans	black	0	121	0.07232600000000002	0
62	random	white	0	225	0.23138299999999995	0
62	random_trans	black	0	225	0.23898499999999986	0
63	random	white	0	168	0.12152899999999998	0
63	random_trans	black	0	168	0.12815999999999994	0
64	random	white	0	82	0.03824	-1
64	random_trans	black	0	82	0.04115099999999999	1
65	random	white	0	211	0.25315499999999985	0
65	random_trans	black	0	211	0.261911	0
66	random	white	0	299	0.43387499999999984	0
66	random_trans	black	0	299	0.437052	0
67	random	white	0	38	0.011668000000000001	-1
67	random_trans	black	0	38	0.013312999999999997	1
68	random	white	0	69	0.026908	-1
68	random_trans	black	0	69	0.030334999999999994	1
69	random	white	0	198	0.19847300000000007	0
69	random_trans	black	0	198	0.20378400000000005	0
70	random	white	0	188	0.14888999999999997	0
70	random_trans	black	0	188	0.15657399999999994	0
71	random	white	0	10	0.002131	1
71	random_trans	black	0	10	0.002297	-1
72	random	white	0	72	0.02821999999999999	1
72	random_trans	black	0	72	0.029594999999999993	-1
73	random	white	0	241	0.26892199999999994	0
73	random_trans	black	0	241	0.2827759999999999	0
74	random	white	0	152	0.09692599999999997	0
74	random_trans	black	0	152	0.10591099999999994	0
75	random	white	0	55	0.019089999999999996	1
75	random_trans	black	0	55	0.020762999999999993	-1
76	random	white	0	164	0.11977099999999999	0
76	random_trans	black	0	164	0.12976300000000004	0
77	random	white	0	222	0.284138	0
77	random_trans	black	0	222	0.29558399999999996	0
78	random	white	0	145	0.12286000000000002	0
78	random_trans	black	0	145	0.13033999999999998	0
79	random	white	0	137	0.08829399999999998	0
79	random_trans	black	0	137	0.09200800000000002	0
80	random	white	0	48	0.016769	-1
80	random_trans	black	0	48	0.019240000000000004	1
81	random	white	0	260	0.31364100000000006	0
81	random_trans	black	0	260	0.3194489999999999	0
82	random	white	0	122	0.06772000000000002	0
82	random_trans	black	0	122	0.072206	0
83	random	white	0	219	0.20351199999999997	0
83	random_trans	black	0	219	0.2099220000000001	0
84	random	white	0	135	0.09319800000000003	0
84	random_trans	black	0	135	0.09417599999999998	0
85	random	white	0	148	0.095298	0
85	random_trans	black	0	148	0.10138899999999999	0
86	random	white	0	308	0.4807070000000001	0
86	random_trans	black	0	308	0.4929130000000002	0
87	random	white	0	295	0.41443300000000005	0
87	random_trans	black	0	295	0.416078	0
88	random	white	0	149	0.09671700000000004	0
88	random_trans	black	0	149	0.09791100000000001	0
89	random	white	0	59	0.021712	1
89	random_trans	black	0	59	0.02301599999999999	-1
90	random	white	0	249	0.3477050000000001	0
90	random_trans	black	0	249	0.3618870000000001	0
91	random	white	0	178	0.17393700000000004	0
91	random_trans	black	0	178	0.17873399999999998	0
92	random	white	0	266	0.335979	0
92	random_trans	black	0	266	0.3360500000000001	0
93	random	white	0	80	0.03530999999999999	-1
93	random_trans	black	0	80	0.038567999999999984	1
94	random	white	0	231	0.2890049999999998	0
94	random_trans	black	0	231	0.29703199999999996	0
95	random	white	0	154	0.09729499999999999	0
95	random_trans	black	0	154	0.10573000000000002	0
96	random	white	0	163	0.11739600000000007	0
96	random_trans	black	0	163	0.12143299999999996	0
97	random	white	0	124	0.06743199999999999	0
97	random_trans	black	0	124	0.07089799999999999	0
98	random	white	0	171	0.13808799999999996	0
98	random_trans	black	0	171	0.143751	0
99	random	white	0	251	0.33039100000000005	0
99	random_trans	black	0	251	0.33426800000000007	0
100	random	white	0	153	0.09632599999999998	0
100	random_trans	black	0	153	0.10079700000000005	0
101	random	white	0	171	0.12168799999999999	1
101	random_trans	black	0	171	0.12279	-1
102	random	white	0	198	0.20639800000000005	0
102	random_trans	black	0	198	0.21262999999999996	0
103	random	white	0	216	0.194933	0
103	random_trans	black	0	216	0.20195999999999997	0
104	random	white	0	302	0.44135400000000025	0
104	random_trans	black	0	302	0.4540429999999999	0
105	random	white	0	279	0.33830299999999996	0
105	random_trans	black	0	279	0.35516299999999995	0
106	random	white	0	228	0.26996599999999993	0
106	random_trans	black	0	228	0.27379499999999984	0
107	random	white	0	255	0.330073	0
107	random_trans	black	0	255	0.34101999999999993	0
108	random	white	0	180	0.136938	0
108	random_trans	black	0	180	0.14327900000000007	0
109	random	white	0	162	0.12655799999999995	0
109	random_trans	black	0	162	0.13072899999999998	0
110	random	white	0	116	0.05878500000000002	0
110	random_trans	black	0	116	0.064541	0
111	random	white	0	185	0.16554400000000005	0
111	random_trans	black	0	185	0.1758110000000001	0
112	random	white	0	177	0.157776	0
112	random_trans	black	0	177	0.16339	0
113	random	white	0	176	0.14875099999999997	0
113	random_trans	black	0	176	0.15570999999999996	0
114	random	white	0	163	0.127681	0
114	random_trans	black	0	163	0.13024100000000002	0
115	random	white	0	161	0.11173799999999999	0
115	random_trans	black	0	161	0.11961899999999998	0
116	random	white	0	246	0.295895	0
116	random_trans	black	0	246	0.3045750000000001	0
117	random	white	0	217	0.20762299999999997	0
117	random_trans	black	0	217	0.214791	0
118	random	white	0	245	0.2705019999999999	0
118	random_trans	black	0	245	0.2751289999999999	0
119	random	white	0	140	0.08949400000000002	0
119	random_trans	black	0	140	0.09317	0
120	random	white	0	205	0.17202399999999998	0
120	random_trans	black	0	205	0.1842769999999999	0
121	random	white	0	195	0.19920900000000002	0
121	random_trans	black	0	195	0.201943	0
122	random	white	0	285	0.3858190000000001	0
122	random_trans	black	0	285	0.4002209999999998	0
123	random	white	0	177	0.12503700000000004	0
123	random_trans	black	0	177	0.12974700000000003	0
124	random	white	0	24	0.006888	1
124	random_trans	black	0	24	0.007496	-1
125	random	white	0	173	0.141737	0
125	random_trans	black	0	173	0.14819699999999994	0
126	random	white	0	208	0.17539400000000005	0
126	random_trans	black	0	208	0.18244399999999994	0
127	random	white	0	115	0.06465099999999999	0
127	random_trans	black	0	115	0.070964	0
128	random	white	0	216	0.248906	0
128	random_trans	black	0	216	0.25625700000000007	0
129	random	white	0	155	0.11725700000000001	0
129	random_trans	black	0	155	0.12005099999999996	0
130	random	white	0	120	0.06215000000000001	0
130	random_trans	black	0	120	0.06735399999999998	0
131	random	white	0	92	0.043005999999999996	-1
131	random_trans	black	0	92	0.047399999999999984	1
132	random	white	0	140	0.08548400000000002	0
132	random_trans	black	0	140	0.09000999999999998	0
133	random	white	0	180	0.12745700000000001	0
133	random_trans	black	0	180	0.13345100000000004	0
134	random	white	0	192	0.161569	0
134	random_trans	black	0	192	0.16414099999999995	0
135	random	white	0	202	0.22838800000000004	0
135	random_trans	black	0	202	0.22992999999999988	0
136	random	white	0	287	0.3535490000000001	0
136	random_trans	black	0	287	0.36610200000000004	0
137	random	white	0	174	0.13101699999999994	0
137	random_trans	black	0	174	0.13548999999999994	0
138	random	white	0	9	0.0018609999999999998	1
138	random_trans	black	0	9	0.002073	-1
139	random	white	0	26	0.007097999999999998	-1
139	random_trans	black	0	26	0.008371999999999997	1
140	random	white	0	185	0.15859100000000004	0
140	random_trans	black	0	185	0.16291999999999995	0
141	random	white	0	174	0.12985899999999995	0
141	random_trans	black	0	174	0.13557099999999997	0
142	random	white	0	184	0.18828199999999992	0
142	random_trans	black	0	184	0.19444400000000006	0
143	random	white	0	219	0.2534949999999999	0
143	random_trans	black	0	219	0.2612469999999998	0
144	random	white	0	179	0.13859500000000008	0
144	random_trans	black	0	179	0.144227	0
145	random	white	0	167	0.118784	0
145	random_trans	black	0	167	0.124719	0
146	random	white	0	202	0.17042000000000007	0
146	random_trans	black	0	202	0.17514500000000002	0
147	random	white	0	167	0.14058500000000004	0
147	random_trans	black	0	167	0.141297	0
148	random	white	0	227	0.26888300000000004	0
148	random_trans	black	0	227	0.2819269999999999	0
149	random	white	0	235	0.27589100000000005	0
149	random_trans	black	0	235	0.2870419999999999	0
150	random	white	0	134	0.08307200000000001	0
150	random_trans	black	0	134	0.08824499999999999	0
151	random	white	0	264	0.33677599999999996	0
151	random_trans	black	0	264	0.34229699999999996	0
152	random	white	0	16	0.0036529999999999996	1
152	random_trans	black	0	16	0.004187	-1
153	random	white	0	213	0.1985640000000001	0
153	random_trans	black	0	213	0.203033	0
154	random	white	0	233	0.278914	0
154	random_trans	black	0	233	0.291081	0
155	random	white	0	247	0.32123100000000004	-1
155	random_trans	black	0	247	0.32380600000000015	1
156	random	white	0	242	0.2543869999999999	0
156	random_trans	black	0	242	0.2655359999999999	0
157	random	white	0	163	0.12218799999999998	0
157	random_trans	black	0	163	0.12523700000000001	0
158	random	white	0	182	0.15598199999999998	0
158	random_trans	black	0	182	0.160785	0
159	random	white	0	254	0.2589580000000001	0
159	random_trans	black	0	254	0.26941900000000013	0
160	random	white	0	264	0.3333299999999999	0
160	random_trans	black	0	264	0.3340649999999999	0
161	random	white	0	267	0.35823499999999986	0
161	random_trans	black	0	267	0.3617450000000001	0
162	random	white	0	209	0.17766900000000008	0
162	random_trans	black	0	209	0.18449899999999997	0
163	random	white	0	50	0.016243	-1
163	random_trans	black	0	50	0.018920999999999993	1
164	random	white	0	165	0.111454	0
164	random_trans	black	0	165	0.11667599999999997	0
165	random	white	0	274	0.3636470000000001	0
165	random_trans	black	0	274	0.373618	0
166	random	white	0	229	0.26735299999999995	0
166	random_trans	black	0	229	0.27720900000000004	0
167	random	white	0	181	0.154821	0
167	random_trans	black	0	181	0.16108200000000003	0
168	random	white	0	107	0.054615	-1
168	random_trans	black	0	107	0.059726999999999995	1
169	random	white	0	242	0.28773500000000013	0
169	random_trans	black	0	242	0.2935839999999998	0
170	random	white	0	203	0.24194699999999994	0
170	random_trans	black	0	203	0.24162499999999995	0
171	random	white	0	185	0.15790599999999994	0
171	random_trans	black	0	185	0.16836799999999993	0
172	random	white	0	218	0.18314899999999995	0
172	random_trans	black	0	218	0.19059400000000004	0
173	random	white	0	149	0.10181499999999996	0
173	random_trans	black	0	149	0.10586499999999999	0
174	random	white	0	70	0.026755000000000004	1
174	random_trans	black	0	70	0.029698000000000006	-1
175	random	white	0	45	0.014944000000000004	-1
175	random_trans	black	0	45	0.016698	1
176	random	white	0	216	0.19086499999999992	0
176	random_trans	black	0	216	0.19169900000000004	0
177	random	white	0	196	0.16369600000000004	0
177	random_trans	black	0	196	0.17201000000000002	0
178	random	white	0	202	0.17021799999999992	0
178	random_trans	black	0	202	0.1740269999999999	0
179	random	white	0	179	0.12760699999999994	0
179	random_trans	black	0	179	0.13703400000000002	0
180	random	white	0	129	0.07725399999999995	0
180	random_trans	black	0	129	0.08146699999999994	0
181	random	white	0	206	0.1848899999999999	0
181	random_trans	black	0	206	0.188281	0
182	random	white	0	216	0.18750699999999995	0
182	random_trans	black	0	216	0.19341399999999997	0
183	random	white	0	164	0.10953899999999998	0
183	random_trans	black	0	164	0.11158799999999995	0
184	random	white	0	150	0.09162700000000003	0
184	random_trans	black	0	150	0.09801500000000005	0
185	random	white	0	159	0.10418300000000005	0
185	random_trans	black	0	159	0.108795	0
186	random	white	0	111	0.05629900000000003	-1
186	random_trans	black	0	111	0.06091299999999999	1
187	random	white	0	148	0.098433	0
187	random_trans	black	0	148	0.10209600000000003	0
188	random	white	0	187	0.162953	0
188	random_trans	black	0	187	0.16541999999999998	0
189	random	white	0	164	0.12085800000000005	0
189	random_trans	black	0	164	0.122454	0
190	random	white	0	139	0.08557000000000001	1
190	random_trans	black	0	139	0.089253	-1
191	random	white	0	155	0.11108799999999998	-1
191	random_trans	black	0	155	0.11674199999999997	1
192	random	white	0	253	0.2676360000000001	0
192	random_trans	black	0	253	0.27138899999999994	0
193	random	white	0	160	0.12894599999999995	0
193	random_trans	black	0	160	0.13590400000000002	0
194	random	white	0	227	0.225749	0
194	random_trans	black	0	227	0.23293300000000006	0
195	random	white	0	165	0.12069400000000002	0
195	random_trans	black	0	165	0.12710600000000002	0
196	random	white	0	227	0.2554	0
196	random_trans	black	0	227	0.26376400000000005	0
197	random	white	0	206	0.18868899999999997	0
197	random_trans	black	0	206	0.18888999999999992	0
198	random	white	0	107	0.05538900000000002	-1
198	random_trans	black	0	107	0.06119900000000002	1
199	random	white	0	144	0.088712	0
199	random_trans	black	0	144	0.09359299999999998	0
200	random	white	0	235	0.24389800000000003	0
200	random_trans	black	0	235	0.25053899999999996	0
201	random	white	0	184	0.15814999999999999	0
201	random_trans	black	0	184	0.16485500000000006	0
202	random	white	0	189	0.15956199999999993	0
202	random_trans	black	0	189	0.16771499999999998	0
203	random	white	0	194	0.15886	0
203	random_trans	black	0	194	0.16360899999999992	0
204	random	white	0	332	0.521903	0
204	random_trans	black	0	332	0.524582	0
205	random	white	0	192	0.15173099999999995	0
205	random_trans	black	0	192	0.15982400000000002	0
206	random	white	0	311	0.37052100000000004	0
206	random_trans	black	0	311	0.3838980000000001	0
207	random	white	0	276	0.3114229999999999	0
207	random_trans	black	0	276	0.3099809999999998	0
208	random	white	0	17	0.003942000000000001	-1
208	random_trans	black	0	17	0.005004999999999999	1
209	random	white	0	20	0.005017	1
209	random_trans	black	0	20	0.005447	-1
210	random	white	0	272	0.309814	0
210	random_trans	black	0	272	0.32032	0
211	random	white	0	165	0.11938499999999996	0
211	random_trans	black	0	165	0.12423500000000001	0
212	random	white	0	131	0.07622899999999998	0
212	random_trans	black	0	131	0.08091099999999998	0
213	random	white	0	253	0.3184419999999999	0
213	random_trans	black	0	253	0.32641699999999996	0
214	random	white	0	229	0.280981	0
214	random_trans	black	0	229	0.2862650000000001	0
215	random	white	0	178	0.130321	0
215	random_trans	black	0	178	0.13524300000000006	0
216	random	white	0	254	0.317206	0
216	random_trans	black	0	254	0.32283999999999985	0
217	random	white	0	229	0.23388100000000017	0
217	random_trans	black	0	229	0.2438319999999999	0
218	random	white	0	349	0.4885100000000001	0
218	random_trans	black	0	349	0.49768000000000023	0
219	random	white	0	104	0.047290000000000006	0
219	random_trans	black	0	104	0.05392100000000001	0
220	random	white	0	106	0.052179	-1
220	random_trans	black	0	106	0.054887999999999985	1
221	random	white	0	175	0.128499	0
221	random_trans	black	0	175	0.13426400000000002	0
222	random	white	0	199	0.22019000000000008	0
222	random_trans	black	0	199	0.22816899999999998	0
223	random	white	0	269	0.34055399999999986	0
223	random_trans	black	0	269	0.351929	0
224	random	white	0	228	0.212244	0
224	random_trans	black	0	228	0.221277	0
225	random	white	0	303	0.3894810000000001	0
225	random_trans	black	0	303	0.4008020000000001	0
226	random	white	0	194	0.14711599999999994	0
226	random_trans	black	0	194	0.15524199999999994	0
227	random	white	0	176	0.14067400000000002	0
227	random_trans	black	0	176	0.14857399999999998	0
228	random	white	0	170	0.12053299999999997	0
228	random_trans	black	0	170	0.12490000000000001	0
229	random	white	0	154	0.09583499999999999	0
229	random_trans	black	0	154	0.097413	0
230	random	white	0	161	0.109487	0
230	random_trans	black	0	161	0.113591	0
231	random	white	0	140	0.08965699999999997	0
231	random_trans	black	0	140	0.09215099999999998	0
232	random	white	0	134	0.08103500000000001	0
232	random_trans	black	0	134	0.08472000000000003	0
233	random	white	0	230	0.2032040000000001	0
233	random_trans	black	0	230	0.20790999999999998	0
234	random	white	0	126	0.07359600000000001	1
234	random_trans	black	0	126	0.076185	-1
235	random	white	0	243	0.293899	0
235	random_trans	black	0	243	0.29494399999999993	0
236	random	white	0	147	0.09132099999999999	0
236	random_trans	black	0	147	0.096696	0
237	random	white	0	220	0.20352900000000004	0
237	random_trans	black	0	220	0.2143260000000001	0
238	random	white	0	186	0.16520600000000002	0
238	random_trans	black	0	186	0.16928699999999997	0
239	random	white	0	168	0.13068899999999997	0
239	random_trans	black	0	168	0.133372	0
240	random	white	0	98	0.04532499999999999	-1
240	random_trans	black	0	98	0.049079000000000005	1
241	random	white	0	203	0.159686	0
241	random_trans	black	0	203	0.16731200000000002	0
242	random	white	0	139	0.08489900000000003	0
242	random_trans	black	0	139	0.09052299999999998	0
243	random	white	0	194	0.22131700000000004	0
243	random_trans	black	0	194	0.22576800000000008	0
244	random	white	0	160	0.11089699999999997	0
244	random_trans	black	0	160	0.1164	0
245	random	white	0	197	0.19987399999999997	0
245	random_trans	black	0	197	0.20992400000000008	0
246	random	white	0	219	0.1934849999999999	0
246	random_trans	black	0	219	0.20539600000000008	0
247	random	white	0	184	0.14963199999999996	0
247	random_trans	black	0	184	0.15551600000000002	0
248	random	white	0	155	0.10811700000000006	0
248	random_trans	black	0	155	0.10979000000000001	0
249	random	white	0	214	0.19279200000000002	0
249	random_trans	black	0	214	0.19527199999999997	0
250	random	white	0	22	0.005842999999999998	1
250	random_trans	black	0	22	0.006425999999999999	-1
251	random	white	0	176	0.15234999999999999	0
251	random_trans	black	0	176	0.1611	0
252	random	white	0	158	0.10649799999999997	0
252	random_trans	black	0	158	0.10905800000000002	0
253	random	white	0	186	0.13959	0
253	random_trans	black	0	186	0.14929399999999998	0
254	random	white	0	52	0.018027999999999995	1
254	random_trans	black	0	52	0.020132	-1
255	random	white	0	263	0.3169949999999998	0
255	random_trans	black	0	263	0.3296009999999999	0
256	random	white	0	142	0.08737899999999996	0
256	random_trans	black	0	142	0.09416200000000001	0
257	random	white	0	224	0.23046499999999998	0
257	random_trans	black	0	224	0.23912	0
258	random	white	0	143	0.100359	0
258	random_trans	black	0	143	0.10469899999999997	0
259	random	white	0	187	0.16189999999999996	0
259	random_trans	black	0	187	0.16860099999999997	0
260	random	white	0	175	0.12244399999999998	0
260	random_trans	black	0	175	0.13107499999999994	0
261	random	white	0	277	0.33661599999999997	0
261	random_trans	black	0	277	0.3391599999999999	0
262	random	white	0	183	0.14892299999999994	0
262	random_trans	black	0	183	0.15362599999999998	0
263	random	white	0	208	0.18135099999999987	0
263	random_trans	black	0	208	0.17934600000000003	0
264	random	white	0	237	0.24784100000000003	0
264	random_trans	black	0	237	0.255772	0
265	random	white	0	227	0.24936100000000017	0
265	random_trans	black	0	227	0.25059	0
266	random	white	0	89	0.040737999999999996	-1
266	random_trans	black	0	89	0.04676199999999999	1
267	random	white	0	185	0.17247400000000013	0
267	random_trans	black	0	185	0.17205800000000002	0
268	random	white	0	153	0.09796299999999998	0
268	random_trans	black	0	153	0.10365200000000002	0
269	random	white	0	170	0.11931099999999999	0
269	random_trans	black	0	170	0.12614299999999998	0
270	random	white	0	156	0.10187299999999999	-1
270	random_trans	black	0	156	0.10739299999999995	1
271	random	white	0	248	0.3165159999999999	0
271	random_trans	black	0	248	0.32518700000000006	0
272	random	white	0	155	0.10554400000000004	0
272	random_trans	black	0	155	0.11014200000000002	0
273	random	white	0	155	0.098714	0
273	random_trans	black	0	155	0.10484800000000002	0
274	random	white	0	124	0.06978499999999999	0
274	random_trans	black	0	124	0.07405200000000002	0
275	random	white	0	198	0.16561700000000007	0
275	random_trans	black	0	198	0.175102	0
276	random	white	0	240	0.27615499999999993	0
276	random_trans	black	0	240	0.28061	0
277	random	white	0	165	0.12521400000000002	0
277	random_trans	black	0	165	0.127557	0
278	random	white	0	191	0.17085799999999995	0
278	random_trans	black	0	191	0.17654100000000006	0
279	random	white	0	194	0.14661400000000005	0
279	random_trans	black	0	194	0.15388399999999997	0
280	random	white	0	95	0.04761599999999999	1
280	random_trans	black	0	95	0.051354999999999984	-1
281	random	white	0	74	0.031370999999999996	1
281	random_trans	black	0	74	0.033042999999999996	-1
282	random	white	0	264	0.354674	0
282	random_trans	black	0	264	0.3654439999999999	0
283	random	white	0	147	0.09120799999999997	0
283	random_trans	black	0	147	0.096889	0
284	random	white	0	248	0.25224500000000005	0
284	random_trans	black	0	248	0.25306199999999995	0
285	random	white	0	220	0.19263000000000008	0
285	random_trans	black	0	220	0.20371200000000006	0
286	random	white	0	184	0.13681399999999996	0
286	random_trans	black	0	184	0.143103	0
287	random	white	0	160	0.10843099999999999	0
287	random_trans	black	0	160	0.11373200000000001	0
288	random	white	0	214	0.19578900000000002	0
288	random_trans	black	0	214	0.19979299999999994	0
289	random	white	0	205	0.17735900000000002	0
289	random_trans	black	0	205	0.1820380000000001	0
290	random	white	0	85	0.036229999999999984	-1
290	random_trans	black	0	85	0.041274000000000005	1
291	random	white	0	147	0.11148500000000004	0
291	random_trans	black	0	147	0.11552699999999998	0
292	random	white	0	162	0.11868600000000004	0
292	random_trans	black	0	162	0.12032300000000003	0
293	random	white	0	108	0.054499999999999986	0
293	random_trans	black	0	108	0.05742600000000002	0
294	random	white	0	181	0.14086300000000002	0
294	random_trans	black	0	181	0.145377	0
295	random	white	0	189	0.15764699999999998	0
295	random_trans	black	0	189	0.16368200000000002	0
296	random	white	0	214	0.210916	0
296	random_trans	black	0	214	0.22783500000000007	0
297	random	white	0	208	0.1845400000000001	0
297	random_trans	black	0	208	0.19483700000000004	0
298	random	white	0	247	0.2522809999999998	0
298	random_trans	black	0	247	0.259069	0
299	random	white	0	138	0.08037600000000004	0
299	random_trans	black	0	138	0.08423999999999997	0
