game_number	agent_type	agent_color	agent_depth	agent_num_moves	agent_decision_time	game_result
0	random	white	0	222	0.26904000000000006	0
0	random_trans	black	0	222	0.26547899999999997	0
1	random	white	0	220	0.20589200000000005	0
1	random_trans	black	0	220	0.21573699999999998	0
2	random	white	0	39	0.011073000000000001	-1
2	random_trans	black	0	39	0.013064	1
3	random	white	0	160	0.11485899999999999	0
3	random_trans	black	0	160	0.12083	0
4	random	white	0	121	0.06524900000000002	-1
4	random_trans	black	0	121	0.06952000000000003	1
5	random	white	0	129	0.07345299999999999	0
5	random_trans	black	0	129	0.07820400000000001	0
6	random	white	0	231	0.22146100000000002	0
6	random_trans	black	0	231	0.23130099999999998	0
7	random	white	0	182	0.13991	0
7	random_trans	black	0	182	0.14478299999999994	0
8	random	white	0	190	0.16360799999999995	0
8	random_trans	black	0	190	0.16339299999999995	0
9	random	white	0	222	0.20531699999999986	0
9	random_trans	black	0	222	0.21723	0
10	random	white	0	102	0.05087700000000001	0
10	random_trans	black	0	102	0.05578099999999999	0
11	random	white	0	153	0.09568600000000005	0
11	random_trans	black	0	153	0.09932500000000002	0
12	random	white	0	140	0.08129500000000002	0
12	random_trans	black	0	140	0.08795999999999998	0
13	random	white	0	143	0.08767300000000001	0
13	random_trans	black	0	143	0.09444300000000001	0
14	random	white	0	51	0.017873	1
14	random_trans	black	0	51	0.019259000000000012	-1
15	random	white	0	167	0.156382	0
15	random_trans	black	0	167	0.15561900000000006	0
16	random	white	0	233	0.27950800000000003	0
16	random_trans	black	0	233	0.2898440000000001	0
17	random	white	0	211	0.18670399999999995	0
17	random_trans	black	0	211	0.189054	0
18	random	white	0	178	0.158003	0
18	random_trans	black	0	178	0.163819	0
19	random	white	0	227	0.24440200000000006	0
19	random_trans	black	0	227	0.2538119999999999	0
20	random	white	0	204	0.17212699999999997	0
20	random_trans	black	0	204	0.17436500000000002	0
21	random	white	0	86	0.037004999999999996	1
21	random_trans	black	0	86	0.04054599999999999	-1
22	random	white	0	257	0.3438320000000001	0
22	random_trans	black	0	257	0.3514879999999998	0
23	random	white	0	290	0.38585300000000006	0
23	random_trans	black	0	290	0.39646299999999984	0
24	random	white	0	67	0.02684799999999999	1
24	random_trans	black	0	67	0.029242999999999998	-1
25	random	white	0	183	0.168859	0
25	random_trans	black	0	183	0.17606200000000008	0
26	random	white	0	75	0.028774999999999995	1
26	random_trans	black	0	75	0.032026	-1
27	random	white	0	154	0.09718199999999996	0
27	random_trans	black	0	154	0.10633899999999998	0
28	random	white	0	115	0.061075	1
28	random_trans	black	0	115	0.06392700000000001	-1
29	random	white	0	77	0.03292199999999999	1
29	random_trans	black	0	77	0.035248	-1
30	random	white	0	235	0.230906	0
30	random_trans	black	0	235	0.24254400000000004	0
31	random	white	0	266	0.31916999999999973	0
31	random_trans	black	0	266	0.32430699999999985	0
32	random	white	0	275	0.35337900000000005	0
32	random_trans	black	0	275	0.3646500000000001	0
33	random	white	0	140	0.10054800000000005	0
33	random_trans	black	0	140	0.10331100000000003	0
34	random	white	0	309	0.42363000000000034	0
34	random_trans	black	0	309	0.43200599999999995	0
35	random	white	0	190	0.16453000000000004	0
35	random_trans	black	0	190	0.16752499999999998	0
36	random	white	0	166	0.11429500000000001	0
36	random_trans	black	0	166	0.12077999999999997	0
37	random	white	0	106	0.050414999999999995	0
37	random_trans	black	0	106	0.05472500000000001	0
38	random	white	0	256	0.27277999999999997	0
38	random_trans	black	0	256	0.28502799999999995	0
39	random	white	0	41	0.013222999999999999	1
39	random_trans	black	0	41	0.014100999999999999	-1
40	random	white	0	217	0.20082700000000003	0
40	random_trans	black	0	217	0.2089079999999999	0
41	random	white	0	158	0.11459900000000005	0
41	random_trans	black	0	158	0.12298900000000004	0
42	random	white	0	266	0.3354269999999999	0
42	random_trans	black	0	266	0.341153	0
43	random	white	0	226	0.2679800000000001	0
43	random_trans	black	0	226	0.280026	0
44	random	white	0	135	0.08504900000000001	0
44	random_trans	black	0	135	0.09081899999999996	0
45	random	white	0	188	0.15033400000000002	0
45	random_trans	black	0	188	0.15818699999999986	0
46	random	white	0	204	0.22401500000000005	0
46	random_trans	black	0	204	0.22961799999999988	0
47	random	white	0	166	0.14659199999999994	0
47	random_trans	black	0	166	0.150481	0
48	random	white	0	218	0.18935699999999991	0
48	random_trans	black	0	218	0.20213800000000004	0
49	random	white	0	172	0.14181399999999997	0
49	random_trans	black	0	172	0.149927	0
50	random	white	0	18	0.004328	-1
50	random_trans	black	0	18	0.005402	1
51	random	white	0	224	0.2440919999999999	0
51	random_trans	black	0	224	0.25097400000000014	0
52	random	white	0	242	0.2979149999999998	0
52	random_trans	black	0	242	0.305291	0
53	random	white	0	291	0.395683	0
53	random_trans	black	0	291	0.40888399999999986	0
54	random	white	0	74	0.030604999999999997	1
54	random_trans	black	0	74	0.033617000000000015	-1
55	random	white	0	119	0.06489	0
55	random_trans	black	0	119	0.06907100000000001	0
56	random	white	0	53	0.017903999999999996	-1
56	random_trans	black	0	53	0.021467999999999998	1
57	random	white	0	170	0.139534	0
57	random_trans	black	0	170	0.14566200000000004	0
58	random	white	0	235	0.268873	0
58	random_trans	black	0	235	0.278445	0
59	random	white	0	181	0.14569300000000004	0
59	random_trans	black	0	181	0.15312300000000006	0
60	random	white	0	108	0.05638800000000001	1
60	random_trans	black	0	108	0.059639	-1
61	random	white	0	233	0.280124	0
61	random_trans	black	0	233	0.2837319999999998	0
62	random	white	0	134	0.07953699999999998	0
62	random_trans	black	0	134	0.081528	0
63	random	white	0	137	0.08215900000000001	0
63	random_trans	black	0	137	0.08905600000000002	0
64	random	white	0	291	0.4038709999999999	0
64	random_trans	black	0	291	0.4094539999999999	0
65	random	white	0	66	0.024571000000000003	1
65	random_trans	black	0	66	0.026791999999999996	-1
66	random	white	0	139	0.08312800000000004	0
66	random_trans	black	0	139	0.08782000000000005	0
67	random	white	0	277	0.37255899999999986	0
67	random_trans	black	0	277	0.3837660000000001	0
68	random	white	0	209	0.241723	0
68	random_trans	black	0	209	0.24948200000000004	0
69	random	white	0	298	0.35343400000000014	0
69	random_trans	black	0	298	0.370359	0
70	random	white	0	279	0.37343400000000015	0
70	random_trans	black	0	279	0.38130600000000003	0
71	random	white	0	251	0.2817769999999999	0
71	random_trans	black	0	251	0.28742699999999993	0
72	random	white	0	272	0.3424360000000002	0
72	random_trans	black	0	272	0.34801800000000005	0
73	random	white	0	151	0.10104899999999999	0
73	random_trans	black	0	151	0.10342300000000001	0
74	random	white	0	271	0.31412099999999993	0
74	random_trans	black	0	271	0.32443099999999997	0
75	random	white	0	231	0.22359200000000012	0
75	random_trans	black	0	231	0.228807	0
76	random	white	0	201	0.16876499999999997	0
76	random_trans	black	0	201	0.17416299999999987	0
77	random	white	0	210	0.20331300000000005	0
77	random_trans	black	0	210	0.209461	0
78	random	white	0	141	0.09372200000000001	0
78	random_trans	black	0	141	0.09695900000000003	0
79	random	white	0	130	0.07839199999999999	0
79	random_trans	black	0	130	0.08204499999999998	0
80	random	white	0	181	0.14024299999999998	0
80	random_trans	black	0	181	0.14991300000000005	0
81	random	white	0	198	0.19033800000000003	0
81	random_trans	black	0	198	0.19351100000000004	0
82	random	white	0	184	0.13967899999999994	-1
82	random_trans	black	0	184	0.15548300000000012	1
83	random	white	0	169	0.131196	0
83	random_trans	black	0	169	0.13693400000000003	0
84	random	white	0	168	0.133246	0
84	random_trans	black	0	168	0.13758599999999999	0
85	random	white	0	228	0.27382600000000007	0
85	random_trans	black	0	228	0.27773000000000003	0
86	random	white	0	164	0.11747300000000004	0
86	random_trans	black	0	164	0.120591	0
87	random	white	0	207	0.22079299999999996	0
87	random_trans	black	0	207	0.2230389999999999	0
88	random	white	0	156	0.10251600000000004	0
88	random_trans	black	0	156	0.10679999999999998	0
89	random	white	0	202	0.165914	0
89	random_trans	black	0	202	0.17596499999999993	0
90	random	white	0	130	0.07421799999999999	0
90	random_trans	black	0	130	0.080265	0
91	random	white	0	141	0.08488499999999997	0
91	random_trans	black	0	141	0.08895500000000005	0
92	random	white	0	234	0.22878700000000005	0
92	random_trans	black	0	234	0.23849099999999993	0
93	random	white	0	200	0.186077	0
93	random_trans	black	0	200	0.194051	0
94	random	white	0	202	0.20228200000000002	0
94	random_trans	black	0	202	0.208108	0
95	random	white	0	168	0.118989	0
95	random_trans	black	0	168	0.12386600000000003	0
96	random	white	0	291	0.38825799999999977	0
96	random_trans	black	0	291	0.39309	0
97	random	white	0	217	0.25631000000000004	0
97	random_trans	black	0	217	0.2553290000000001	0
98	random	white	0	225	0.22255399999999995	0
98	random_trans	black	0	225	0.22208400000000006	0
99	random	white	0	243	0.25735500000000006	0
99	random_trans	black	0	243	0.266515	0
100	random	white	0	138	0.083604	0
100	random_trans	black	0	138	0.08906299999999998	0
101	random	white	0	108	0.060496000000000015	0
101	random_trans	black	0	108	0.06400099999999999	0
102	random	white	0	213	0.26155100000000003	0
102	random_trans	black	0	213	0.27065800000000007	0
103	random	white	0	151	0.101211	0
103	random_trans	black	0	151	0.10398999999999999	0
104	random	white	0	201	0.18239599999999997	0
104	random_trans	black	0	201	0.1877779999999999	0
105	random	white	0	87	0.038704999999999996	-1
105	random_trans	black	0	87	0.04335100000000001	1
106	random	white	0	251	0.32012099999999993	0
106	random_trans	black	0	251	0.322529	0
107	random	white	0	42	0.013156999999999997	-1
107	random_trans	black	0	42	0.015561999999999998	1
108	random	white	0	177	0.142084	-1
108	random_trans	black	0	177	0.149214	1
109	random	white	0	175	0.116962	0
109	random_trans	black	0	175	0.12379699999999996	0
110	random	white	0	156	0.09970700000000006	0
110	random_trans	black	0	156	0.10547400000000001	0
111	random	white	0	190	0.141262	0
111	random_trans	black	0	190	0.14819099999999993	0
112	random	white	0	182	0.13678000000000004	0
112	random_trans	black	0	182	0.14332099999999998	0
113	random	white	0	162	0.10368600000000001	0
113	random_trans	black	0	162	0.11133299999999996	0
114	random	white	0	192	0.16312600000000005	0
114	random_trans	black	0	192	0.1651709999999999	0
115	random	white	0	153	0.099724	0
115	random_trans	black	0	153	0.10501600000000001	0
116	random	white	0	244	0.289073	0
116	random_trans	black	0	244	0.3013780000000001	0
117	random	white	0	249	0.31730899999999984	0
117	random_trans	black	0	249	0.32474100000000006	0
118	random	white	0	177	0.13252300000000009	0
118	random_trans	black	0	177	0.137895	0
119	random	white	0	167	0.110831	0
119	random_trans	black	0	167	0.11623400000000005	0
120	random	white	0	187	0.13707500000000003	0
120	random_trans	black	0	187	0.142492	0
121	random	white	0	114	0.05706700000000002	-1
121	random_trans	black	0	114	0.06260399999999999	1
122	random	white	0	124	0.07788399999999997	1
122	random_trans	black	0	124	0.08095500000000003	-1
123	random	white	0	211	0.18761099999999997	0
123	random_trans	black	0	211	0.19384799999999994	0
124	random	white	0	173	0.157449	0
124	random_trans	black	0	173	0.16567099999999996	0
125	random	white	0	150	0.10022300000000002	0
125	random_trans	black	0	150	0.10733100000000001	0
126	random	white	0	233	0.260178	0
126	random_trans	black	0	233	0.270201	0
127	random	white	0	235	0.270967	0
127	random_trans	black	0	235	0.2826239999999999	0
128	random	white	0	229	0.19698100000000004	0
128	random_trans	black	0	229	0.208813	0
129	random	white	0	171	0.12043499999999999	0
129	random_trans	black	0	171	0.12418100000000001	0
130	random	white	0	158	0.11849300000000001	0
130	random_trans	black	0	158	0.12536500000000003	0
131	random	white	0	166	0.11191200000000001	0
131	random_trans	black	0	166	0.116842	0
132	random	white	0	194	0.14468599999999998	0
132	random_trans	black	0	194	0.15452400000000005	0
133	random	white	0	73	0.029169	1
133	random_trans	black	0	73	0.0323	-1
134	random	white	0	61	0.024399000000000007	1
134	random_trans	black	0	61	0.025606999999999994	-1
135	random	white	0	322	0.48790099999999986	0
135	random_trans	black	0	322	0.5012889999999999	0
136	random	white	0	231	0.2731470000000001	0
136	random_trans	black	0	231	0.2796989999999999	0
137	random	white	0	82	0.036781999999999995	1
137	random_trans	black	0	82	0.03981600000000001	-1
138	random	white	0	264	0.29009899999999994	0
138	random_trans	black	0	264	0.29965200000000014	0
139	random	white	0	292	0.40906999999999993	0
139	random_trans	black	0	292	0.4193249999999998	0
140	random	white	0	223	0.199583	0
140	random_trans	black	0	223	0.20588899999999996	0
141	random	white	0	187	0.215036	0
141	random_trans	black	0	187	0.21598300000000006	0
142	random	white	0	155	0.10497000000000005	0
142	random_trans	black	0	155	0.11008400000000003	0
143	random	white	0	93	0.04214800000000002	-1
143	random_trans	black	0	93	0.046215	1
144	random	white	0	155	0.10216100000000002	0
144	random_trans	black	0	155	0.108427	0
145	random	white	0	230	0.279409	0
145	random_trans	black	0	230	0.283097	0
146	random	white	0	95	0.04789500000000001	1
146	random_trans	black	0	95	0.05040499999999999	-1
147	random	white	0	217	0.19414499999999996	0
147	random_trans	black	0	217	0.2003429999999999	0
148	random	white	0	200	0.17020599999999997	0
148	random_trans	black	0	200	0.177765	0
149	random	white	0	184	0.15870699999999996	0
149	random_trans	black	0	184	0.162646	0
150	random	white	0	92	0.044263000000000004	1
150	random_trans	black	0	92	0.047107	-1
151	random	white	0	170	0.12607200000000002	0
151	random_trans	black	0	170	0.134197	0
152	random	white	0	202	0.17152399999999998	0
152	random_trans	black	0	202	0.17991	0
153	random	white	0	212	0.215051	0
153	random_trans	black	0	212	0.2180900000000001	0
154	random	white	0	52	0.018513999999999996	-1
154	random_trans	black	0	52	0.020977000000000006	1
155	random	white	0	134	0.08102000000000001	0
155	random_trans	black	0	134	0.08642600000000002	0
156	random	white	0	219	0.2331359999999999	0
156	random_trans	black	0	219	0.23194400000000007	0
157	random	white	0	149	0.09136599999999999	0
157	random_trans	black	0	149	0.098071	0
158	random	white	0	303	0.3880510000000001	0
158	random_trans	black	0	303	0.3938330000000001	0
159	random	white	0	150	0.09210099999999999	0
159	random_trans	black	0	150	0.09713099999999997	0
160	random	white	0	274	0.3986549999999999	0
160	random_trans	black	0	274	0.4116370000000001	0
161	random	white	0	194	0.18187900000000004	0
161	random_trans	black	0	194	0.186332	0
162	random	white	0	248	0.29932	0
162	random_trans	black	0	248	0.3078859999999999	0
163	random	white	0	166	0.11245400000000005	0
163	random_trans	black	0	166	0.11853100000000001	0
164	random	white	0	166	0.11660500000000001	0
164	random_trans	black	0	166	0.12179099999999993	0
165	random	white	0	155	0.107884	0
165	random_trans	black	0	155	0.11248699999999999	0
166	random	white	0	147	0.10174500000000002	0
166	random_trans	black	0	147	0.10423	0
167	random	white	0	179	0.13869399999999996	0
167	random_trans	black	0	179	0.144664	0
168	random	white	0	270	0.3188960000000003	0
168	random_trans	black	0	270	0.3313399999999999	0
169	random	white	0	212	0.24917900000000012	0
169	random_trans	black	0	212	0.25335899999999995	0
170	random	white	0	233	0.23916000000000012	0
170	random_trans	black	0	233	0.24661799999999987	0
171	random	white	0	120	0.06748500000000002	0
171	random_trans	black	0	120	0.07304300000000002	0
172	random	white	0	181	0.1415609999999999	0
172	random_trans	black	0	181	0.14862700000000004	0
173	random	white	0	264	0.34016900000000005	0
173	random_trans	black	0	264	0.3542069999999998	0
174	random	white	0	172	0.131801	0
174	random_trans	black	0	172	0.13716499999999998	0
175	random	white	0	104	0.05287199999999999	-1
175	random_trans	black	0	104	0.05486800000000001	1
176	random	white	0	189	0.1594480000000001	0
176	random_trans	black	0	189	0.16336399999999995	0
177	random	white	0	196	0.21802100000000005	0
177	random_trans	black	0	196	0.22530799999999995	0
178	random	white	0	73	0.029826000000000002	1
178	random_trans	black	0	73	0.031636	-1
179	random	white	0	220	0.21196199999999996	0
179	random_trans	black	0	220	0.2251019999999999	0
180	random	white	0	207	0.20764499999999994	0
180	random_trans	black	0	207	0.21450099999999997	0
181	random	white	0	150	0.105484	0
181	random_trans	black	0	150	0.11011599999999999	0
182	random	white	0	254	0.29920999999999986	0
182	random_trans	black	0	254	0.30164699999999994	0
183	random	white	0	64	0.025300000000000003	1
183	random_trans	black	0	64	0.02832399999999999	-1
184	random	white	0	118	0.06229299999999998	0
184	random_trans	black	0	118	0.06780799999999998	0
185	random	white	0	51	0.017379	1
185	random_trans	black	0	51	0.020006	-1
186	random	white	0	179	0.20309400000000005	0
186	random_trans	black	0	179	0.2026490000000001	0
187	random	white	0	178	0.15100599999999997	0
187	random_trans	black	0	178	0.15642400000000006	0
188	random	white	0	150	0.09720799999999997	0
188	random_trans	black	0	150	0.10475900000000003	0
189	random	white	0	229	0.216151	0
189	random_trans	black	0	229	0.22355799999999995	0
190	random	white	0	210	0.17851399999999998	0
190	random_trans	black	0	210	0.18785999999999997	0
191	random	white	0	242	0.29176	0
191	random_trans	black	0	242	0.29841600000000007	0
192	random	white	0	241	0.2946659999999998	0
192	random_trans	black	0	241	0.29378899999999997	0
193	random	white	0	36	0.010469000000000003	-1
193	random_trans	black	0	36	0.012199999999999997	1
194	random	white	0	66	0.025088000000000006	1
194	random_trans	black	0	66	0.026857	-1
195	random	white	0	228	0.2268810000000001	0
195	random_trans	black	0	228	0.2345159999999999	0
196	random	white	0	216	0.20496699999999998	0
196	random_trans	black	0	216	0.20975	0
197	random	white	0	151	0.10846800000000001	0
197	random_trans	black	0	151	0.11016600000000006	0
198	random	white	0	264	0.29223600000000005	0
198	random_trans	black	0	264	0.29830400000000007	0
199	random	white	0	260	0.2962919999999999	0
199	random_trans	black	0	260	0.30403399999999997	0
200	random	white	0	256	0.3237950000000001	0
200	random_trans	black	0	256	0.32929800000000004	0
201	random	white	0	184	0.173118	0
201	random_trans	black	0	184	0.1806159999999999	0
202	random	white	0	184	0.15110399999999996	0
202	random_trans	black	0	184	0.15459300000000004	0
203	random	white	0	215	0.23631900000000003	0
203	random_trans	black	0	215	0.2430480000000001	0
204	random	white	0	170	0.13974699999999998	0
204	random_trans	black	0	170	0.14388599999999996	0
205	random	white	0	202	0.18979600000000005	0
205	random_trans	black	0	202	0.19105800000000003	0
206	random	white	0	252	0.3175009999999999	0
206	random_trans	black	0	252	0.3219599999999998	0
207	random	white	0	153	0.09922899999999994	0
207	random_trans	black	0	153	0.10113399999999996	0
208	random	white	0	266	0.3524090000000001	0
208	random_trans	black	0	266	0.349845	0
209	random	white	0	212	0.232666	0
209	random_trans	black	0	212	0.24139799999999997	0
210	random	white	0	256	0.32282999999999995	0
210	random_trans	black	0	256	0.328987	0
211	random	white	0	166	0.11983999999999993	0
211	random_trans	black	0	166	0.12640300000000002	0
212	random	white	0	87	0.041394	-1
212	random_trans	black	0	87	0.04438499999999999	1
213	random	white	0	169	0.11888499999999998	0
213	random_trans	black	0	169	0.12330900000000004	0
214	random	white	0	163	0.11572099999999995	0
214	random_trans	black	0	163	0.12138200000000005	0
215	random	white	0	147	0.09520900000000003	0
215	random_trans	black	0	147	0.09981700000000003	0
216	random	white	0	242	0.2906029999999999	0
216	random_trans	black	0	242	0.3020390000000001	0
217	random	white	0	67	0.025973999999999997	1
217	random_trans	black	0	67	0.027798000000000007	-1
218	random	white	0	211	0.197499	0
218	random_trans	black	0	211	0.20138399999999995	0
219	random	white	0	139	0.08051300000000002	0
219	random_trans	black	0	139	0.08860599999999999	0
220	random	white	0	187	0.141786	0
220	random_trans	black	0	187	0.146539	0
221	random	white	0	131	0.07431399999999996	0
221	random_trans	black	0	131	0.08063299999999998	0
222	random	white	0	180	0.15152100000000002	0
222	random_trans	black	0	180	0.152113	0
223	random	white	0	93	0.044808	1
223	random_trans	black	0	93	0.047067999999999985	-1
224	random	white	0	249	0.31726299999999985	0
224	random_trans	black	0	249	0.32994199999999996	0
225	random	white	0	232	0.25230099999999994	0
225	random_trans	black	0	232	0.261264	0
226	random	white	0	173	0.14298699999999998	0
226	random_trans	black	0	173	0.148082	0
227	random	white	0	170	0.12842000000000006	0
227	random_trans	black	0	170	0.13084300000000001	0
228	random	white	0	43	0.013412	1
228	random_trans	black	0	43	0.015073	-1
229	random	white	0	145	0.09813699999999996	0
229	random_trans	black	0	145	0.09904200000000003	0
230	random	white	0	243	0.25480300000000006	0
230	random_trans	black	0	243	0.2613699999999999	0
231	random	white	0	121	0.06914800000000002	0
231	random_trans	black	0	121	0.07017700000000002	0
232	random	white	0	243	0.27164900000000003	0
232	random_trans	black	0	243	0.281883	0
233	random	white	0	170	0.11828499999999996	0
233	random_trans	black	0	170	0.12709499999999996	0
234	random	white	0	134	0.07622000000000001	0
234	random_trans	black	0	134	0.08056399999999998	0
235	random	white	0	159	0.10377900000000005	0
235	random_trans	black	0	159	0.10935299999999992	0
236	random	white	0	176	0.125697	0
236	random_trans	black	0	176	0.12927399999999994	0
237	random	white	0	191	0.14517099999999997	0
237	random_trans	black	0	191	0.15405199999999994	0
238	random	white	0	102	0.04870999999999999	-1
238	random_trans	black	0	102	0.054458000000000006	1
239	random	white	0	140	0.084643	0
239	random_trans	black	0	140	0.09025599999999999	0
240	random	white	0	207	0.183629	0
240	random_trans	black	0	207	0.19128799999999993	0
241	random	white	0	119	0.062553	0
241	random_trans	black	0	119	0.06783400000000002	0
242	random	white	0	200	0.18376099999999992	0
242	random_trans	black	0	200	0.18455699999999997	0
243	random	white	0	172	0.1426249999999999	0
243	random_trans	black	0	172	0.14795299999999992	0
244	random	white	0	173	0.14122199999999996	0
244	random_trans	black	0	173	0.14677199999999996	0
245	random	white	0	187	0.143878	0
245	random_trans	black	0	187	0.14961500000000003	0
246	random	white	0	145	0.08970600000000004	0
246	random_trans	black	0	145	0.097685	0
247	random	white	0	112	0.057365000000000034	-1
247	random_trans	black	0	112	0.06319500000000002	1
248	random	white	0	168	0.11891699999999993	0
248	random_trans	black	0	168	0.12313199999999999	0
249	random	white	0	179	0.16470999999999997	0
249	random_trans	black	0	179	0.17101500000000006	0
250	random	white	0	144	0.09077700000000001	-1
250	random_trans	black	0	144	0.09635200000000001	1
251	random	white	0	146	0.09463600000000003	1
251	random_trans	black	0	146	0.09607299999999996	-1
252	random	white	0	171	0.141132	0
252	random_trans	black	0	171	0.14785600000000002	0
253	random	white	0	240	0.24386899999999997	0
253	random_trans	black	0	240	0.25185799999999997	0
254	random	white	0	123	0.07202800000000001	1
254	random_trans	black	0	123	0.07632599999999998	-1
255	random	white	0	145	0.09142399999999995	0
255	random_trans	black	0	145	0.096158	0
256	random	white	0	17	0.0037599999999999995	1
256	random_trans	black	0	17	0.004411	-1
257	random	white	0	90	0.040684	1
257	random_trans	black	0	90	0.042234999999999974	-1
258	random	white	0	313	0.4198030000000001	0
258	random_trans	black	0	313	0.435743	0
259	random	white	0	259	0.3309789999999999	0
259	random_trans	black	0	259	0.3470609999999998	0
260	random	white	0	168	0.12306900000000004	0
260	random_trans	black	0	168	0.12797799999999993	0
261	random	white	0	207	0.19038299999999997	0
261	random_trans	black	0	207	0.1948660000000001	0
262	random	white	0	180	0.152296	0
262	random_trans	black	0	180	0.15463099999999996	0
263	random	white	0	153	0.10251900000000003	0
263	random_trans	black	0	153	0.10981500000000004	0
264	random	white	0	148	0.09053999999999997	0
264	random_trans	black	0	148	0.09553400000000001	0
265	random	white	0	205	0.23266200000000004	0
265	random_trans	black	0	205	0.24131100000000008	0
266	random	white	0	118	0.061538000000000016	0
266	random_trans	black	0	118	0.07006699999999999	0
267	random	white	0	85	0.03495700000000001	-1
267	random_trans	black	0	85	0.03864199999999999	1
268	random	white	0	171	0.12091699999999998	0
268	random_trans	black	0	171	0.126295	0
269	random	white	0	153	0.10491600000000001	0
269	random_trans	black	0	153	0.11147899999999997	0
270	random	white	0	190	0.14807100000000004	0
270	random_trans	black	0	190	0.15349300000000007	0
271	random	white	0	230	0.28146	0
271	random_trans	black	0	230	0.28772399999999976	0
272	random	white	0	99	0.047651000000000006	1
272	random_trans	black	0	99	0.050411	-1
273	random	white	0	197	0.18190900000000002	0
273	random_trans	black	0	197	0.18720400000000012	0
274	random	white	0	123	0.07166600000000002	0
274	random_trans	black	0	123	0.07519500000000001	0
275	random	white	0	78	0.03399999999999999	1
275	random_trans	black	0	78	0.036369	-1
276	random	white	0	219	0.261583	0
276	random_trans	black	0	219	0.2678660000000001	0
277	random	white	0	204	0.18734800000000007	0
277	random_trans	black	0	204	0.195491	0
278	random	white	0	101	0.049176999999999985	0
278	random_trans	black	0	101	0.05447299999999999	0
279	random	white	0	192	0.16844900000000004	0
279	random_trans	black	0	192	0.1756899999999999	0
280	random	white	0	179	0.13686800000000002	0
280	random_trans	black	0	179	0.14056400000000002	0
281	random	white	0	166	0.12065399999999994	0
281	random_trans	black	0	166	0.12617099999999995	0
282	random	white	0	277	0.3605449999999997	0
282	random_trans	black	0	277	0.3648049999999999	0
283	random	white	0	140	0.08435100000000002	0
283	random_trans	black	0	140	0.090194	0
284	random	white	0	235	0.2548	0
284	random_trans	black	0	235	0.26271	0
285	random	white	0	183	0.16493800000000003	1
285	random_trans	black	0	183	0.16326300000000005	-1
286	random	white	0	207	0.2394110000000001	0
286	random_trans	black	0	207	0.246952	0
287	random	white	0	144	0.08804400000000001	0
287	random_trans	black	0	144	0.093873	0
288	random	white	0	191	0.16354099999999996	0
288	random_trans	black	0	191	0.17315799999999998	0
289	random	white	0	226	0.23664599999999997	0
289	random_trans	black	0	226	0.2367209999999999	0
290	random	white	0	223	0.21211299999999994	0
290	random_trans	black	0	223	0.21419200000000005	0
291	random	white	0	201	0.23086100000000007	0
291	random_trans	black	0	201	0.23579200000000008	0
292	random	white	0	177	0.145616	0
292	random_trans	black	0	177	0.15245200000000006	0
293	random	white	0	207	0.17972399999999994	0
293	random_trans	black	0	207	0.19099800000000008	0
294	random	white	0	190	0.14487299999999995	0
294	random_trans	black	0	190	0.15495199999999995	0
295	random	white	0	220	0.23741300000000007	0
295	random_trans	black	0	220	0.244657	0
296	random	white	0	222	0.257446	0
296	random_trans	black	0	222	0.264905	0
297	random	white	0	151	0.10036399999999998	0
297	random_trans	black	0	151	0.10486899999999995	0
298	random	white	0	177	0.13515300000000002	0
298	random_trans	black	0	177	0.14118200000000009	0
299	random	white	0	151	0.10188000000000003	0
299	random_trans	black	0	151	0.10588899999999997	0
